Rk,Score,PtsW,PtsL,PtTot,PD,Count,,Last Game
1,20-17,20,17,37,3,263,all games,Washington Redskins vs. Dallas Cowboys October 21 2018
2,27-24,27,24,51,3,203,all games,Seattle Seahawks vs. Green Bay Packers November 15 2018
3,17-14,17,14,31,3,195,all games,Washington Redskins vs. Seattle Seahawks November 5 2017
4,23-20,23,20,43,3,181,all games,Atlanta Falcons vs. New York Giants October 22 2018
5,13-10,13,10,23,3,161,all games,Tennessee Titans vs. Denver Broncos December 11 2016
6,24-17,24,17,41,7,159,all games,Chicago Bears vs. Seattle Seahawks September 17 2018
7,24-21,24,21,45,3,147,all games,Baltimore Ravens vs. Cincinnati Bengals November 18 2018
8,24-14,24,14,38,10,137,all games,Pittsburgh Steelers vs. New York Giants December 4 2016
9,16-13,16,13,29,3,136,all games,Arizona Cardinals vs. Indianapolis Colts September 17 2017
10,17-10,17,10,27,7,135,all games,New York Giants vs. Los Angeles Rams October 23 2016
11,24-10,24,10,34,14,120,all games,Chicago Bears vs. New York Jets October 28 2018
12,20-10,20,10,30,10,116,all games,Detroit Lions vs. Chicago Bears December 16 2017
13,23-17,23,17,40,6,113,all games,Washington Redskins vs. Carolina Panthers October 14 2018
14,27-20,27,20,47,7,112,all games,Dallas Cowboys vs. Philadelphia Eagles November 11 2018
15,24-20,24,20,44,4,109,all games,New England Patriots vs. Jacksonville Jaguars January 21 2018
16,17-7,17,7,24,10,106,all games,Seattle Seahawks vs. San Francisco 49ers December 14 2014
17,27-17,27,17,44,10,105,all games,Minnesota Vikings vs. Arizona Cardinals October 14 2018
18,20-13,20,13,33,7,105,all games,Washington Redskins vs. New York Giants October 28 2018
19,17-13,17,13,30,4,104,all games,Los Angeles Rams vs. Arizona Cardinals October 2 2016
20,21-17,21,17,38,4,100,all games,Carolina Panthers vs. Philadelphia Eagles October 21 2018
21,27-10,27,10,37,17,95,all games,Baltimore Ravens vs. Cleveland Browns December 17 2017
22,21-14,21,14,35,7,94,all games,Oakland Raiders vs. Denver Broncos November 26 2017
23,27-7,27,7,34,20,94,all games,Atlanta Falcons vs. Dallas Cowboys November 12 2017
24,7-0,7,0,7,7,93,all games,New England Patriots vs. New Orleans Saints December 4 1983
25,20-14,20,14,34,6,92,all games,Indianapolis Colts vs. Houston Texans November 5 2017
26,31-17,31,17,48,14,91,all games,New England Patriots vs. Green Bay Packers November 4 2018
27,27-21,27,21,48,6,90,all games,Tampa Bay Buccaneers vs. Philadelphia Eagles September 16 2018
28,20-7,20,7,27,13,88,all games,Houston Texans vs. Jacksonville Jaguars October 21 2018
29,31-14,31,14,45,17,88,all games,Minnesota Vikings vs. San Diego Chargers September 27 2015
30,14-10,14,10,24,4,87,all games,Miami Dolphins vs. Los Angeles Rams November 20 2016
31,14-7,14,7,21,7,87,all games,Los Angeles Chargers vs. New York Jets December 24 2017
32,10-7,10,7,17,3,83,all games,New York Giants vs. Dallas Cowboys December 11 2016
33,28-7,28,7,35,21,82,all games,Pittsburgh Steelers vs. Indianapolis Colts November 24 2016
34,21-7,21,7,28,14,81,all games,Baltimore Ravens vs. Tennessee Titans November 9 2014
35,24-7,24,7,31,17,81,all games,Minnesota Vikings vs. Los Angeles Rams November 19 2017
36,27-14,27,14,41,13,80,all games,Baltimore Ravens vs. Denver Broncos September 23 2018
37,30-27,30,27,57,3,80,all games,Pittsburgh Steelers vs. Tampa Bay Buccaneers September 24 2018
38,31-24,31,24,55,7,79,all games,Atlanta Falcons vs. Carolina Panthers September 16 2018
39,31-7,31,7,38,24,79,all games,Cincinnati Bengals vs. Cleveland Browns October 1 2017
40,31-28,31,28,59,3,79,all games,Miami Dolphins vs. Chicago Bears October 14 2018
41,6-0,6,0,6,6,78,all games,Dallas Cowboys vs. Philadelphia Eagles December 31 2017
42,14-0,14,0,14,14,77,all games,Cincinnati Bengals vs. Cleveland Browns December 21 2008
43,13-7,13,7,20,6,76,all games,Buffalo Bills vs. Indianapolis Colts December 10 2017
44,16-10,16,10,26,6,75,all games,Buffalo Bills vs. Kansas City Chiefs November 26 2017
45,24-23,24,23,47,1,75,all games,New Orleans Saints vs. Baltimore Ravens October 21 2018
46,31-21,31,21,52,10,74,all games,Carolina Panthers vs. Cincinnati Bengals September 23 2018
47,28-21,28,21,49,7,73,all games,Pittsburgh Steelers vs. Cincinnati Bengals October 14 2018
48,0-0,0,0,0,0,73,all games,Detroit Lions vs. New York Giants November 7 1943
49,17-16,17,16,33,1,72,all games,Los Angeles Chargers vs. Oakland Raiders October 15 2017
50,28-24,28,24,52,4,70,all games,Pittsburgh Steelers vs. Cleveland Browns December 31 2017
51,24-13,24,13,37,11,70,all games,Seattle Seahawks vs. Dallas Cowboys September 23 2018
52,20-0,20,0,20,20,69,all games,New Orleans Saints vs. Miami Dolphins October 1 2017
53,21-0,21,0,21,21,68,all games,Baltimore Ravens vs. Tennessee Titans October 14 2018
54,31-10,31,10,41,21,68,all games,Cincinnati Bengals vs. Cleveland Browns November 5 2015
55,21-20,21,20,41,1,67,all games,Houston Texans vs. Jacksonville Jaguars December 18 2016
56,23-7,23,7,30,16,67,all games,Jacksonville Jaguars vs. Cincinnati Bengals November 5 2017
57,34-31,34,31,65,3,66,all games,Atlanta Falcons vs. Seattle Seahawks November 20 2017
58,27-0,27,0,27,27,65,all games,Jacksonville Jaguars vs. Indianapolis Colts October 22 2017
59,13-0,13,0,13,13,64,all games,New England Patriots vs. Buffalo Bills December 28 2008
60,21-10,21,10,31,11,64,all games,Philadelphia Eagles vs. Minnesota Vikings October 23 2016
61,28-17,28,17,45,11,64,all games,Dallas Cowboys vs. Kansas City Chiefs November 5 2017
62,17-6,17,6,23,11,64,all games,New York Giants vs. Detroit Lions December 18 2016
63,27-13,27,13,40,14,64,all games,Philadelphia Eagles vs. Dallas Cowboys January 1 2017
64,23-10,23,10,33,13,62,all games,Minnesota Vikings vs. Chicago Bears December 31 2017
65,34-7,34,7,41,27,62,all games,Minnesota Vikings vs. Cincinnati Bengals December 17 2017
66,17-3,17,3,20,14,61,all games,Carolina Panthers vs. Tampa Bay Buccaneers October 29 2017
67,28-14,28,14,42,14,61,all games,Tennessee Titans vs. Dallas Cowboys November 5 2018
68,10-0,10,0,10,10,61,all games,Chicago Bears vs. New York Jets November 19 2006
69,24-0,24,0,24,24,59,all games,St. Louis Rams vs. Washington Redskins December 7 2014
70,10-6,10,6,16,4,59,all games,Houston Texans vs. Cincinnati Bengals November 16 2015
71,3-0,3,0,3,3,59,all games,Pittsburgh Steelers vs. Miami Dolphins November 26 2007
72,16-14,16,14,30,2,59,all games,Chicago Bears vs. Arizona Cardinals September 23 2018
73,24-3,24,3,27,21,58,all games,Seattle Seahawks vs. Los Angeles Rams December 15 2016
74,20-3,20,3,23,17,58,all games,Chicago Bears vs. Cleveland Browns December 24 2017
75,14-13,14,13,27,1,57,all games,Buffalo Bills vs. Tennessee Titans October 11 2015
76,34-17,34,17,51,17,57,all games,Minnesota Vikings vs. Tampa Bay Buccaneers September 24 2017
77,38-14,38,14,52,24,57,all games,Atlanta Falcons vs. Washington Redskins November 4 2018
78,7-6,7,6,13,1,56,all games,New York Jets vs. Arizona Cardinals December 2 2012
79,17-0,17,0,17,17,56,all games,Dallas Cowboys vs. Washington Redskins December 27 2009
80,34-14,34,14,48,20,56,all games,Buffalo Bills vs. Oakland Raiders October 29 2017
81,34-24,34,24,58,10,56,all games,Philadelphia Eagles vs. Washington Redskins October 23 2017
82,31-13,31,13,44,18,54,all games,Minnesota Vikings vs. Houston Texans October 9 2016
83,30-10,30,10,40,20,54,all games,Los Angeles Chargers vs. Oakland Raiders December 31 2017
84,23-21,23,21,44,2,54,all games,Houston Texans vs. Washington Redskins November 18 2018
85,20-16,20,16,36,4,54,all games,Pittsburgh Steelers vs. Jacksonville Jaguars November 18 2018
86,20-6,20,6,26,14,52,all games,Los Angeles Chargers vs. Oakland Raiders November 11 2018
87,30-24,30,24,54,6,52,all games,Jacksonville Jaguars vs. Seattle Seahawks December 10 2017
88,35-14,35,14,49,21,51,all games,New England Patriots vs. Tennessee Titans January 13 2018
89,13-6,13,6,19,7,51,all games,Miami Dolphins vs. New York Jets November 4 2018
90,26-20,26,20,46,6,51,all games,Green Bay Packers vs. Tampa Bay Buccaneers December 3 2017
91,31-27,31,27,58,4,50,all games,Cincinnati Bengals vs. Baltimore Ravens December 31 2017
92,28-10,28,10,38,18,50,all games,New Orleans Saints vs. Carolina Panthers October 30 2014
93,30-17,30,17,47,13,49,all games,Detroit Lions vs. Green Bay Packers November 6 2017
94,19-17,19,17,36,2,49,all games,Houston Texans vs. Denver Broncos November 4 2018
95,30-14,30,14,44,16,49,all games,Kansas City Chiefs vs. Jacksonville Jaguars October 7 2018
96,14-6,14,6,20,8,49,all games,Arizona Cardinals vs. Detroit Lions November 16 2014
97,23-14,23,14,37,9,49,all games,Houston Texans vs. Chicago Bears September 11 2016
98,23-13,23,13,36,10,48,all games,New Orleans Saints vs. Atlanta Falcons December 24 2017
99,35-7,35,7,42,28,48,all games,Pittsburgh Steelers vs. Cincinnati Bengals December 4 2011
100,13-3,13,3,16,10,47,all games,Seattle Seahawks vs. New York Jets December 21 2008
101,21-13,21,13,34,8,47,all games,New England Patriots vs. Los Angeles Chargers October 29 2017
102,16-0,16,0,16,16,47,all games,Minnesota Vikings vs. Green Bay Packers December 23 2017
103,34-27,34,27,61,7,46,all games,Green Bay Packers vs. Detroit Lions September 25 2016
104,38-24,38,24,62,14,46,all games,New England Patriots vs. Indianapolis Colts October 4 2018
105,30-20,30,20,50,10,45,all games,New Orleans Saints vs. Minnesota Vikings October 28 2018
106,27-23,27,23,50,4,45,all games,New York Giants vs. San Francisco 49ers November 12 2018
107,38-10,38,10,48,28,45,all games,Indianapolis Colts vs. Tennessee Titans November 18 2018
108,34-0,34,0,34,34,45,all games,Los Angeles Rams vs. Arizona Cardinals September 16 2018
109,24-16,24,16,40,8,45,all games,Minnesota Vikings vs. San Francisco 49ers September 9 2018
110,30-7,30,7,37,23,45,all games,New England Patriots vs. Minnesota Vikings September 14 2014
111,19-16,19,16,35,3,44,all games,Houston Texans vs. Dallas Cowboys October 7 2018
112,10-3,10,3,13,7,44,all games,Jacksonville Jaguars vs. Buffalo Bills January 7 2018
113,38-17,38,17,55,21,44,all games,Jacksonville Jaguars vs. Tennessee Titans December 24 2016
114,19-13,19,13,32,6,44,all games,Pittsburgh Steelers vs. Kansas City Chiefs October 15 2017
115,38-7,38,7,45,31,44,all games,New England Patriots vs. Miami Dolphins September 30 2018
116,31-0,31,0,31,31,44,all games,San Diego Chargers vs. New York Jets October 5 2014
117,19-14,19,14,33,5,43,all games,New England Patriots vs. Tampa Bay Buccaneers October 5 2017
118,34-20,34,20,54,14,43,all games,Atlanta Falcons vs. Tampa Bay Buccaneers November 26 2017
119,35-17,35,17,52,18,43,all games,New England Patriots vs. Miami Dolphins November 26 2017
120,31-20,31,20,51,11,43,all games,Jacksonville Jaguars vs. New England Patriots September 16 2018
121,34-21,34,21,55,13,43,all games,New York Jets vs. Buffalo Bills November 2 2017
122,21-16,21,16,37,5,42,all games,Green Bay Packers vs. Philadelphia Eagles January 9 2011
123,23-0,23,0,23,23,42,all games,Arizona Cardinals vs. New York Giants December 24 2017
124,26-10,26,10,36,16,42,all games,Los Angeles Chargers vs. Oakland Raiders October 7 2018
125,16-7,16,7,23,9,42,all games,Cincinnati Bengals vs. Cleveland Browns November 29 2009
126,28-0,28,0,28,28,42,all games,San Francisco 49ers vs. Los Angeles Rams September 12 2016
127,27-3,27,3,30,24,41,all games,Seattle Seahawks vs. Oakland Raiders October 14 2018
128,28-20,28,20,48,8,41,all games,Miami Dolphins vs. Oakland Raiders September 23 2018
129,23-16,23,16,39,7,40,all games,Pittsburgh Steelers vs. Baltimore Ravens November 4 2018
130,14-3,14,3,17,11,40,all games,Pittsburgh Steelers vs. Cleveland Browns December 8 2011
131,34-13,34,13,47,21,40,all games,Philadelphia Eagles vs. New York Giants October 11 2018
132,34-10,34,10,44,24,40,all games,Tennessee Titans vs. New England Patriots November 11 2018
133,9-7,9,7,16,2,39,all games,Washington Redskins vs. St. Louis Rams September 20 2009
134,30-13,30,13,43,17,39,all games,Kansas City Chiefs vs. Los Angeles Chargers December 16 2017
135,20-19,20,19,39,1,39,all games,Detroit Lions vs. Carolina Panthers November 18 2018
136,26-23,26,23,49,3,39,all games,Tampa Bay Buccaneers vs. Cleveland Browns October 21 2018
137,35-21,35,21,56,14,38,all games,Denver Broncos vs. San Diego Chargers October 23 2014
138,26-14,26,14,40,12,38,all games,Kansas City Chiefs vs. Arizona Cardinals November 11 2018
139,19-7,19,7,26,12,38,all games,Jacksonville Jaguars vs. Cleveland Browns November 19 2017
140,38-21,38,21,59,17,38,all games,Washington Redskins vs. Cleveland Browns December 16 2012
141,31-3,31,3,34,28,37,all games,Philadelphia Eagles vs. Chicago Bears November 26 2017
142,30-28,30,28,58,2,37,all games,New York Jets vs. Atlanta Falcons October 7 2013
143,26-24,26,24,50,2,37,all games,Dallas Cowboys vs. Detroit Lions September 30 2018
144,28-27,28,27,55,1,36,all games,Oakland Raiders vs. Baltimore Ravens October 2 2016
145,34-28,34,28,62,6,36,all games,New England Patriots vs. Atlanta Falcons February 5 2017
146,19-0,19,0,19,19,35,all games,Buffalo Bills vs. Miami Dolphins December 22 2013
147,28-13,28,13,41,15,35,all games,Detroit Lions vs. New Orleans Saints December 4 2016
148,23-3,23,3,26,20,35,all games,New England Patriots vs. Buffalo Bills December 3 2017
149,10-9,10,9,19,1,35,all games,Seattle Seahawks vs. Minnesota Vikings January 10 2016
150,27-6,27,6,33,21,35,all games,Buffalo Bills vs. Minnesota Vikings September 23 2018
151,6-3,6,3,9,3,34,all games,Cleveland Browns vs. Seattle Seahawks October 23 2011
152,41-14,41,14,55,27,34,all games,Buffalo Bills vs. Miami Dolphins September 27 2015
153,24-6,24,6,30,18,34,all games,Washington Redskins vs. Arizona Cardinals September 9 2018
154,26-21,26,21,47,5,34,all games,Chicago Bears vs. Tampa Bay Buccaneers December 27 2015
155,37-14,37,14,51,23,33,all games,San Diego Chargers vs. New York Giants December 8 2013
156,38-31,38,31,69,7,33,all games,New England Patriots vs. Chicago Bears October 21 2018
157,13-9,13,9,22,4,33,all games,Houston Texans vs. Cincinnati Bengals September 14 2017
158,41-10,41,10,51,31,32,all games,Buffalo Bills vs. New York Jets November 11 2018
159,26-7,26,7,33,19,32,all games,Carolina Panthers vs. Minnesota Vikings December 20 2009
160,7-7,7,7,14,0,31,all games,Washington Redskins vs. New York Giants November 23 1997
161,38-28,38,28,66,10,31,all games,Kansas City Chiefs vs. Los Angeles Chargers September 9 2018
162,27-16,27,16,43,11,31,all games,New England Patriots vs. Pittsburgh Steelers October 23 2016
163,16-6,16,6,22,10,31,all games,Buffalo Bills vs. Dallas Cowboys December 27 2015
164,30-23,30,23,53,7,31,all games,Kansas City Chiefs vs. Denver Broncos October 28 2018
165,7-3,7,3,10,4,30,all games,Kansas City Chiefs vs. Denver Broncos January 1 2012
166,30-21,30,21,51,9,30,all games,Buffalo Bills vs. Houston Texans December 6 2015
167,33-14,33,14,47,19,30,all games,Carolina Panthers vs. Dallas Cowboys November 26 2015
168,9-6,9,6,15,3,30,all games,Tennessee Titans vs. Jacksonville Jaguars September 23 2018
169,37-34,37,34,71,3,30,all games,Cincinnati Bengals vs. Tampa Bay Buccaneers October 28 2018
170,37-7,37,7,44,30,30,all games,Baltimore Ravens vs. St. Louis Rams September 25 2011
171,26-17,26,17,43,9,30,all games,Cincinnati Bengals vs. Detroit Lions December 24 2017
172,34-3,34,3,37,31,29,all games,San Francisco 49ers vs. Oakland Raiders November 1 2018
173,31-23,31,23,54,8,29,all games,Detroit Lions vs. Green Bay Packers October 7 2018
174,17-9,17,9,26,8,29,all games,Green Bay Packers vs. Seattle Seahawks September 10 2017
175,24-19,24,19,43,5,29,all games,Philadelphia Eagles vs. New York Giants December 22 2016
176,42-7,42,7,49,35,29,all games,Los Angeles Rams vs. Seattle Seahawks December 17 2017
177,9-0,9,0,9,9,29,all games,Green Bay Packers vs. New York Jets October 31 2010
178,28-23,28,23,51,5,29,all games,Philadelphia Eagles vs. Carolina Panthers October 12 2017
179,42-14,42,14,56,28,28,all games,Atlanta Falcons vs. Los Angeles Rams December 11 2016
180,26-0,26,0,26,26,28,all games,Seattle Seahawks vs. Chicago Bears September 27 2015
181,16-3,16,3,19,13,27,all games,Washington Redskins vs. Tampa Bay Buccaneers November 11 2018
182,37-21,37,21,58,16,27,all games,Kansas City Chiefs vs. Cleveland Browns November 4 2018
183,38-20,38,20,58,18,27,all games,New York Jets vs. Miami Dolphins November 29 2015
184,24-22,24,22,46,2,26,all games,St. Louis Rams vs. Arizona Cardinals October 4 2015
185,45-21,45,21,66,24,26,all games,Carolina Panthers vs. Miami Dolphins November 13 2017
186,21-19,21,19,40,2,26,all games,Detroit Lions vs. Chicago Bears November 10 2013
187,14-9,14,9,23,5,25,all games,Minnesota Vikings vs. Atlanta Falcons December 3 2017
188,33-17,33,17,50,16,25,all games,Houston Texans vs. Cleveland Browns October 15 2017
189,35-24,35,24,59,11,25,all games,Denver Broncos vs. San Diego Chargers October 15 2012
190,37-31,37,31,68,6,25,all games,New York Jets vs. Buffalo Bills September 15 2016
191,19-10,19,10,29,9,25,all games,Philadelphia Eagles vs. Oakland Raiders December 25 2017
192,28-3,28,3,31,25,25,all games,Arizona Cardinals vs. New York Jets October 17 2016
193,10-10,10,10,20,0,24,all games,Philadelphia Eagles vs. Baltimore Ravens November 16 1997
194,45-7,45,7,52,38,24,all games,Jacksonville Jaguars vs. Houston Texans December 17 2017
195,17-12,17,12,29,5,24,all games,Washington Redskins vs. Philadelphia Eagles October 3 2010
196,35-0,35,0,35,35,23,all games,San Francisco 49ers vs. St. Louis Rams October 4 2009
197,41-21,41,21,62,20,23,all games,Washington Redskins vs. Chicago Bears December 24 2016
198,45-17,45,17,62,28,23,all games,Tampa Bay Buccaneers vs. Philadelphia Eagles November 22 2015
199,35-28,35,28,63,7,23,all games,Atlanta Falcons vs. Oakland Raiders September 18 2016
200,38-0,38,0,38,38,22,all games,Carolina Panthers vs. Atlanta Falcons December 13 2015
201,21-3,21,3,24,18,22,all games,New York Giants vs. Minnesota Vikings December 13 2010
202,12-0,12,0,12,12,22,all games,New England Patriots vs. Miami Dolphins December 7 2003
203,37-13,37,13,50,24,22,all games,Chicago Bears vs. St. Louis Rams November 15 2015
204,41-7,41,7,48,34,22,all games,New England Patriots vs. Baltimore Ravens December 22 2013
205,12-7,12,7,19,5,22,all games,Arizona Cardinals vs. Tennessee Titans December 10 2017
206,37-10,37,10,47,27,22,all games,New York Jets vs. Kansas City Chiefs December 11 2011
207,26-16,26,16,42,10,22,all games,San Francisco 49ers vs. Houston Texans December 10 2017
208,20-12,20,12,32,8,22,all games,Miami Dolphins vs. New York Jets September 16 2018
209,33-27,33,27,60,6,22,all games,Tennessee Titans vs. Seattle Seahawks September 24 2017
210,31-16,31,16,47,15,22,all games,Dallas Cowboys vs. Washington Redskins October 13 2013
211,38-35,38,35,73,3,21,all games,New York Giants vs. Tampa Bay Buccaneers November 18 2018
212,42-17,42,17,59,25,21,all games,Denver Broncos vs. Dallas Cowboys September 17 2017
213,17-17,17,17,34,0,21,all games,Kansas City Chiefs vs. New York Jets October 2 1988
214,33-30,33,30,63,3,21,all games,Green Bay Packers vs. San Francisco 49ers October 15 2018
215,30-3,30,3,33,27,21,all games,Tennessee Titans vs. Carolina Panthers November 13 2011
216,26-13,26,13,39,13,21,all games,Atlanta Falcons vs. Los Angeles Rams January 6 2018
217,31-6,31,6,37,25,21,all games,Washington Redskins vs. Philadelphia Eagles November 18 2012
218,15-10,15,10,25,5,21,all games,Philadelphia Eagles vs. Atlanta Falcons January 13 2018
219,41-0,41,0,41,41,20,all games,New Orleans Saints vs. Tampa Bay Buccaneers December 16 2012
220,13-12,13,12,25,1,20,all games,Buffalo Bills vs. Tennessee Titans October 7 2018
221,22-17,22,17,39,5,20,all games,Houston Texans vs. Indianapolis Colts December 11 2016
222,28-16,28,16,44,12,20,all games,Cleveland Browns vs. Atlanta Falcons November 11 2018
223,35-13,35,13,48,22,20,all games,Miami Dolphins vs. Oakland Raiders September 16 2012
224,23-6,23,6,29,17,20,all games,Minnesota Vikings vs. Houston Texans December 23 2012
225,20-20,20,20,40,0,20,all games,St. Louis Cardinals vs. New York Giants October 24 1983
226,27-26,27,26,53,1,20,all games,Baltimore Ravens vs. Philadelphia Eagles December 18 2016
227,45-14,45,14,59,31,20,all games,Detroit Lions vs. Philadelphia Eagles November 26 2015
228,33-7,33,7,40,26,20,all games,Chicago Bears vs. Cincinnati Bengals December 10 2017
229,30-0,30,0,30,30,20,all games,Kansas City Chiefs vs. Houston Texans January 9 2016
230,44-7,44,7,51,37,20,all games,Jacksonville Jaguars vs. Baltimore Ravens September 24 2017
231,41-38,41,38,79,3,19,all games,Seattle Seahawks vs. Houston Texans October 29 2017
232,24-9,24,9,33,15,19,all games,Minnesota Vikings vs. Detroit Lions November 4 2018
233,12-10,12,10,22,2,19,all games,Houston Texans vs. Cincinnati Bengals December 24 2016
234,22-21,22,21,43,1,19,all games,Tennessee Titans vs. Kansas City Chiefs January 6 2018
235,35-31,35,31,66,4,19,all games,Green Bay Packers vs. Dallas Cowboys October 8 2017
236,40-7,40,7,47,33,19,all games,Dallas Cowboys vs. Jacksonville Jaguars October 14 2018
237,29-7,29,7,36,22,19,all games,Tampa Bay Buccaneers vs. Chicago Bears September 17 2017
238,35-10,35,10,45,25,19,all games,Dallas Cowboys vs. Cleveland Browns November 6 2016
239,21-6,21,6,27,15,19,all games,Miami Dolphins vs. New Orleans Saints October 30 2005
240,35-20,35,20,55,15,18,all games,Washington Redskins vs. New York Giants December 24 2005
241,35-3,35,3,38,32,18,all games,Pittsburgh Steelers vs. Oakland Raiders November 21 2010
242,34-16,34,16,50,18,18,all games,New York Jets vs. Denver Broncos October 7 2018
243,28-6,28,6,34,22,18,all games,Los Angeles Chargers vs. Dallas Cowboys November 23 2017
244,31-30,31,30,61,1,18,all games,Oakland Raiders vs. Kansas City Chiefs October 19 2017
245,45-28,45,28,73,17,18,all games,Chicago Bears vs. Dallas Cowboys December 9 2013
246,29-14,29,14,43,15,18,all games,Pittsburgh Steelers vs. Cincinnati Bengals October 22 2017
247,38-13,38,13,51,25,18,all games,Green Bay Packers vs. New York Giants January 8 2017
248,13-13,13,13,26,0,18,all games,Cincinnati Bengals vs. Philadelphia Eagles November 16 2008
249,14-12,14,12,26,2,18,all games,Seattle Seahawks vs. Green Bay Packers September 24 2012
250,20-9,20,9,29,11,18,all games,Carolina Panthers vs. Jacksonville Jaguars September 13 2015
251,42-21,42,21,63,21,18,all games,Dallas Cowboys vs. Detroit Lions December 26 2016
252,35-27,35,27,62,8,18,all games,Carolina Panthers vs. New York Jets November 26 2017
253,45-10,45,10,55,35,17,all games,Kansas City Chiefs vs. Cincinnati Bengals October 21 2018
254,27-19,27,19,46,8,17,all games,Denver Broncos vs. San Diego Chargers October 30 2016
255,12-9,12,9,21,3,17,all games,Cleveland Browns vs. Baltimore Ravens October 7 2018
256,29-10,29,10,39,19,17,all games,Philadelphia Eagles vs. Cleveland Browns September 11 2016
257,22-19,22,19,41,3,17,all games,Dallas Cowboys vs. Atlanta Falcons November 18 2018
258,41-24,41,24,65,17,17,all games,San Diego Chargers vs. Tampa Bay Buccaneers December 21 2008
259,9-3,9,3,12,6,17,all games,Carolina Panthers vs. Buffalo Bills September 17 2017
260,28-25,28,25,53,3,17,all games,Miami Dolphins vs. Buffalo Bills October 23 2016
261,42-20,42,20,62,22,17,all games,New England Patriots vs. Indianapolis Colts November 16 2014
262,41-17,41,17,58,24,17,all games,Pittsburgh Steelers vs. Atlanta Falcons October 7 2018
263,24-24,24,24,48,0,17,all games,St. Louis Rams vs. San Francisco 49ers November 11 2012
264,37-0,37,0,37,37,17,all games,Miami Dolphins vs. San Diego Chargers November 2 2014
265,42-10,42,10,52,32,17,all games,Green Bay Packers vs. Minnesota Vikings October 2 2014
266,22-20,22,20,42,2,17,all games,Jacksonville Jaguars vs. Baltimore Ravens November 15 2015
267,37-20,37,20,57,17,17,all games,San Diego Chargers vs. Kansas City Chiefs September 30 2012
268,15-13,15,13,28,2,16,all games,Miami Dolphins vs. Baltimore Ravens December 6 2015
269,22-10,22,10,32,12,16,all games,Atlanta Falcons vs. Carolina Panthers December 31 2017
270,48-21,48,21,69,27,16,all games,Atlanta Falcons vs. Houston Texans October 4 2015
271,42-0,42,0,42,42,16,all games,Seattle Seahawks vs. Philadelphia Eagles December 5 2005
272,37-24,37,24,61,13,16,all games,New York Jets vs. Miami Dolphins December 28 2014
273,27-22,27,22,49,5,16,all games,New York Giants vs. Houston Texans September 23 2018
274,6-6,6,6,12,0,16,all games,Arizona Cardinals vs. Seattle Seahawks October 23 2016
275,23-19,23,19,42,4,16,all games,Tampa Bay Buccaneers vs. Atlanta Falcons December 6 2015
276,31-26,31,26,57,5,16,all games,New Orleans Saints vs. Carolina Panthers January 7 2018
277,26-3,26,3,29,23,16,all games,New York Giants vs. San Francisco 49ers October 14 2012
278,19-3,19,3,22,16,16,all games,Dallas Cowboys vs. New York Giants September 10 2017
279,29-21,29,21,50,8,15,all games,Carolina Panthers vs. Chicago Bears January 15 2006
280,12-6,12,6,18,6,15,all games,Pittsburgh Steelers vs. St. Louis Rams September 27 2015
281,29-27,29,27,56,2,15,all games,Los Angeles Rams vs. Green Bay Packers October 28 2018
282,34-23,34,23,57,11,15,all games,Cincinnati Bengals vs. Baltimore Ravens September 13 2018
283,22-13,22,13,35,9,15,all games,Indianapolis Colts vs. Houston Texans December 31 2017
284,42-28,42,28,70,14,15,all games,Carolina Panthers vs. Tampa Bay Buccaneers November 4 2018
285,22-14,22,14,36,8,15,all games,Indianapolis Colts vs. Tennessee Titans December 1 2013
286,21-9,21,9,30,12,15,all games,Indianapolis Colts vs. Washington Redskins September 16 2018
287,15-0,15,0,15,15,15,all games,Oakland Raiders vs. Kansas City Chiefs December 16 2012
288,28-28,28,28,56,0,15,all games,Miami Dolphins vs. New York Jets October 4 1981
289,45-24,45,24,69,21,15,all games,Atlanta Falcons vs. Tampa Bay Buccaneers January 1 2012
290,25-20,25,20,45,5,15,all games,Chicago Bears vs. Minnesota Vikings November 18 2018
291,14-14,14,14,28,0,15,all games,Green Bay Packers vs. Tampa Bay Buccaneers October 12 1980
292,33-24,33,24,57,9,15,all games,Baltimore Ravens vs. Dallas Cowboys December 20 2008
293,21-21,21,21,42,0,15,all games,Cleveland Browns vs. Pittsburgh Steelers September 9 2018
294,22-0,22,0,22,22,14,all games,Green Bay Packers vs. Buffalo Bills September 30 2018
295,33-13,33,13,46,20,14,all games,Los Angeles Rams vs. Oakland Raiders September 10 2018
296,25-24,25,24,49,1,14,all games,Indianapolis Colts vs. Cleveland Browns December 7 2014
297,33-21,33,21,54,12,14,all games,Arizona Cardinals vs. San Francisco 49ers October 6 2016
298,38-3,38,3,41,35,14,all games,Buffalo Bills vs. New York Jets November 24 2014
299,29-24,29,24,53,5,14,all games,Minnesota Vikings vs. New Orleans Saints January 14 2018
300,41-13,41,13,54,28,14,all games,Atlanta Falcons vs. San Francisco 49ers December 18 2016
301,26-6,26,6,32,20,14,all games,New England Patriots vs. New York Jets December 31 2017
302,18-17,18,17,35,1,14,all games,Chicago Bears vs. Kansas City Chiefs October 11 2015
303,38-27,38,27,65,11,14,all games,Kansas City Chiefs vs. San Francisco 49ers September 23 2018
304,22-16,22,16,38,6,14,all games,Buffalo Bills vs. Miami Dolphins December 31 2017
305,41-20,41,20,61,21,14,all games,Denver Broncos vs. Arizona Cardinals October 5 2014
306,31-19,31,19,50,12,14,all games,New Orleans Saints vs. New York Jets December 17 2017
307,20-15,20,15,35,5,13,all games,Jacksonville Jaguars vs. New York Giants September 9 2018
308,30-16,30,16,46,14,13,all games,Cincinnati Bengals vs. Cleveland Browns November 26 2017
309,3-3,3,3,6,0,13,all games,Chicago Bears vs. New York Giants October 31 1937
310,19-6,19,6,25,13,13,all games,Pittsburgh Steelers vs. New York Jets October 13 2013
311,35-23,35,23,58,12,13,all games,Los Angeles Rams vs. Los Angeles Chargers September 23 2018
312,29-28,29,28,57,1,13,all games,Kansas City Chiefs vs. Atlanta Falcons December 4 2016
313,40-14,40,14,54,26,13,all games,Buffalo Bills vs. Denver Broncos December 24 2011
314,38-23,38,23,61,15,13,all games,Dallas Cowboys vs. Philadelphia Eagles November 11 2012
315,27-9,27,9,36,18,12,all games,Denver Broncos vs. Houston Texans October 24 2016
316,33-31,33,31,64,2,12,all games,Carolina Panthers vs. New York Giants October 7 2018
317,17-15,17,15,32,2,12,all games,Dallas Cowboys vs. Minnesota Vikings December 1 2016
318,16-12,16,12,28,4,12,all games,Buffalo Bills vs. Cincinnati Bengals November 20 2016
319,41-27,41,27,68,14,12,all games,New York Giants vs. Cleveland Browns October 7 2012
320,22-7,22,7,29,15,12,all games,Cincinnati Bengals vs. Miami Dolphins September 29 2016
321,21-18,21,18,39,3,12,all games,New Orleans Saints vs. Cleveland Browns September 16 2018
322,41-28,41,28,69,13,12,all games,Dallas Cowboys vs. Chicago Bears December 4 2014
323,23-22,23,22,45,1,12,all games,Denver Broncos vs. Los Angeles Chargers November 18 2018
324,19-9,19,9,28,10,12,all games,Houston Texans vs. Tampa Bay Buccaneers September 27 2015
325,25-17,25,17,42,8,12,all games,Los Angeles Chargers vs. Seattle Seahawks November 4 2018
326,36-14,36,14,50,22,12,all games,Denver Broncos vs. Carolina Panthers November 11 2012
327,49-21,49,21,70,28,12,all games,New Orleans Saints vs. Los Angeles Rams November 27 2016
328,45-3,45,3,48,42,12,all games,San Francisco 49ers vs. Buffalo Bills October 7 2012
329,29-23,29,23,52,6,11,all games,Dallas Cowboys vs. Philadelphia Eagles October 30 2016
330,33-6,33,6,39,27,11,all games,Seattle Seahawks vs. St. Louis Rams October 21 2007
331,48-17,48,17,65,31,11,all games,New York Jets vs. Detroit Lions September 10 2018
332,33-20,33,20,53,13,11,all games,Pittsburgh Steelers vs. Cincinnati Bengals December 13 2015
333,37-17,37,17,54,20,11,all games,Minnesota Vikings vs. New York Jets October 21 2018
334,34-33,34,33,67,1,11,all games,San Diego Chargers vs. Baltimore Ravens November 30 2014
335,42-24,42,24,66,18,11,all games,Washington Redskins vs. Green Bay Packers November 20 2016
336,37-16,37,16,53,21,11,all games,New England Patriots vs. Buffalo Bills December 24 2017
337,28-26,28,26,54,2,11,all games,Tennessee Titans vs. Cleveland Browns October 16 2016
338,16-15,16,15,31,1,11,all games,Tennessee Titans vs. Detroit Lions September 18 2016
339,37-27,37,27,64,10,11,all games,Kansas City Chiefs vs. San Diego Chargers January 1 2017
340,30-6,30,6,36,24,11,all games,Houston Texans vs. Jacksonville Jaguars January 3 2016
341,41-3,41,3,44,38,11,all games,New England Patriots vs. New York Jets December 24 2016
342,33-10,33,10,43,23,11,all games,Philadelphia Eagles vs. San Francisco 49ers October 29 2017
343,16-9,16,9,25,7,11,all games,New England Patriots vs. Oakland Raiders September 21 2014
344,29-20,29,20,49,9,11,all games,Kansas City Chiefs vs. Washington Redskins October 2 2017
345,38-34,38,34,72,4,11,all games,Chicago Bears vs. New York Jets December 26 2010
346,37-3,37,3,40,34,11,all games,Cincinnati Bengals vs. Cleveland Browns December 6 2015
347,24-12,24,12,36,12,10,all games,Denver Broncos vs. Detroit Lions September 27 2015
348,15-7,15,7,22,8,10,all games,New York Giants vs. Philadelphia Eagles October 27 2013
349,28-19,28,19,47,9,10,all games,Minnesota Vikings vs. Detroit Lions October 25 2015
350,48-7,48,7,55,41,10,all games,New Orleans Saints vs. Philadelphia Eagles November 18 2018
351,37-35,37,35,72,2,10,all games,Miami Dolphins vs. Minnesota Vikings December 21 2014
352,25-0,25,0,25,25,10,all games,Tampa Bay Buccaneers vs. Baltimore Ravens September 15 2002
353,32-0,32,0,32,32,10,all games,Cleveland Browns vs. Arizona Cardinals September 18 1994
354,41-31,41,31,72,10,10,all games,Cleveland Browns vs. Miami Dolphins October 14 2007
355,45-0,45,0,45,45,10,all games,Oakland Raiders vs. Tampa Bay Buccaneers December 19 1999
356,29-17,29,17,46,12,10,all games,Denver Broncos vs. Cincinnati Bengals September 25 2016
357,29-26,29,26,55,3,10,all games,Indianapolis Colts vs. Jacksonville Jaguars November 11 2018
358,33-3,33,3,36,30,10,all games,Kansas City Chiefs vs. San Diego Chargers November 22 2015
359,37-6,37,6,43,31,10,all games,Denver Broncos vs. Oakland Raiders September 30 2012
360,29-13,29,13,42,16,9,all games,Kansas City Chiefs vs. Miami Dolphins December 24 2017
361,30-19,30,19,49,11,9,all games,Buffalo Bills vs. Los Angeles Rams October 9 2016
362,19-12,19,12,31,7,9,all games,Houston Texans vs. Kansas City Chiefs September 18 2016
363,31-29,31,29,60,2,9,all games,Baltimore Ravens vs. Dallas Cowboys October 14 2012
364,15-14,15,14,29,1,9,all games,San Francisco 49ers vs. Chicago Bears December 3 2017
365,23-15,23,15,38,8,9,all games,Seattle Seahawks vs. New Orleans Saints January 11 2014
366,35-34,35,34,69,1,9,all games,New Orleans Saints vs. San Diego Chargers October 2 2016
367,36-28,36,28,64,8,9,all games,Atlanta Falcons vs. San Francisco 49ers September 3 2000
368,30-26,30,26,56,4,9,all games,Atlanta Falcons vs. Detroit Lions September 24 2017
369,23-12,23,12,35,11,9,all games,St. Louis Rams vs. Seattle Seahawks November 14 2004
370,23-9,23,9,32,14,9,all games,Cleveland Browns vs. Oakland Raiders December 27 2009
371,44-10,44,10,54,34,9,all games,Jacksonville Jaguars vs. Arizona Cardinals December 10 2000
372,52-21,52,21,73,31,9,all games,Pittsburgh Steelers vs. Carolina Panthers November 8 2018
373,35-9,35,9,44,26,9,all games,Miami Dolphins vs. Denver Broncos December 3 2017
374,32-14,32,14,46,18,9,all games,Cincinnati Bengals vs. Philadelphia Eagles December 4 2016
375,36-20,36,20,56,16,9,all games,New England Patriots vs. New Orleans Saints September 17 2017
376,31-9,31,9,40,22,9,all games,Indianapolis Colts vs. Tennessee Titans October 11 2009
377,35-16,35,16,51,19,9,all games,San Francisco 49ers vs. St. Louis Rams November 16 2008
378,40-21,40,21,61,19,9,all games,San Francisco 49ers vs. Seattle Seahawks December 12 2010
379,25-10,25,10,35,15,9,all games,Carolina Panthers vs. Arizona Cardinals October 14 2007
380,35-30,35,30,65,5,9,all games,Los Angeles Rams vs. Dallas Cowboys October 1 2017
381,44-17,44,17,61,27,9,all games,Dallas Cowboys vs. Washington Redskins December 28 2014
382,25-7,25,7,32,18,8,all games,Minnesota Vikings vs. Chicago Bears October 27 2002
383,25-22,25,22,47,3,8,all games,New Orleans Saints vs. San Francisco 49ers September 20 2010
384,42-27,42,27,69,15,8,all games,Kansas City Chiefs vs. New England Patriots September 7 2017
385,15-12,15,12,27,3,8,all games,Oakland Raiders vs. Denver Broncos December 13 2015
386,36-22,36,22,58,14,8,all games,Tennessee Titans vs. Indianapolis Colts October 16 2017
387,18-15,18,15,33,3,8,all games,Arizona Cardinals vs. San Francisco 49ers October 28 2018
388,33-0,33,0,33,33,8,all games,Los Angeles Rams vs. Arizona Cardinals October 22 2017
389,33-19,33,19,52,14,8,all games,Dallas Cowboys vs. Washington Redskins October 29 2017
390,30-9,30,9,39,21,8,all games,Jacksonville Jaguars vs. Pittsburgh Steelers October 8 2017
391,21-12,21,12,33,9,8,all games,Seattle Seahawks vs. Dallas Cowboys December 24 2017
392,34-19,34,19,53,15,8,all games,New York Jets vs. Washington Redskins December 4 2011
393,40-17,40,17,57,23,8,all games,Pittsburgh Steelers vs. Tennessee Titans November 16 2017
394,34-6,34,6,40,28,8,all games,Pittsburgh Steelers vs. Houston Texans December 25 2017
395,45-35,45,35,80,10,8,all games,New Orleans Saints vs. Los Angeles Rams November 4 2018
396,31-15,31,15,46,16,8,all games,New Orleans Saints vs. Chicago Bears December 15 2014
397,45-31,45,31,76,14,8,all games,San Francisco 49ers vs. Green Bay Packers January 12 2013
398,30-22,30,22,52,8,8,all games,Kansas City Chiefs vs. Buffalo Bills November 29 2015
399,31-22,31,22,53,9,8,all games,Carolina Panthers vs. Detroit Lions November 16 2008
400,22-3,22,3,25,19,8,all games,Baltimore Ravens vs. St. Louis Rams October 14 2007
401,44-0,44,0,44,44,8,all games,Detroit Lions vs. Jacksonville Jaguars December 17 1995
402,38-6,38,6,44,32,8,all games,Baltimore Ravens vs. Miami Dolphins December 4 2016
403,48-10,48,10,58,38,8,all games,Chicago Bears vs. Tampa Bay Buccaneers September 30 2018
404,26-9,26,9,35,17,8,all games,Pittsburgh Steelers vs. Baltimore Ravens October 1 2017
405,33-28,33,28,61,5,8,all games,San Diego Chargers vs. Detroit Lions September 13 2015
406,44-14,44,14,58,30,8,all games,Tennessee Oilers vs. Cincinnati Bengals October 18 1998
407,38-9,38,9,47,29,8,all games,Buffalo Bills vs. Seattle Seahawks November 28 2004
408,34-30,34,30,64,4,8,all games,Cincinnati Bengals vs. Green Bay Packers September 22 2013
409,49-14,49,14,63,35,8,all games,Indianapolis Colts vs. Houston Texans November 14 2004
410,25-21,25,21,46,4,8,all games,Arizona Cardinals vs. Detroit Lions September 15 2013
411,43-14,43,14,57,29,8,all games,Pittsburgh Steelers vs. Kansas City Chiefs October 2 2016
412,18-16,18,16,34,2,8,all games,Pittsburgh Steelers vs. Kansas City Chiefs January 15 2017
413,25-23,25,23,48,2,8,all games,San Francisco 49ers vs. Tennessee Titans December 17 2017
414,40-24,40,24,64,16,7,all games,Indianapolis Colts vs. New York Giants November 3 2014
415,44-21,44,21,65,23,7,all games,Atlanta Falcons vs. Green Bay Packers January 22 2017
416,42-31,42,31,73,11,7,all games,Buffalo Bills vs. Miami Dolphins December 4 1994
417,30-12,30,12,42,18,7,all games,Pittsburgh Steelers vs. Miami Dolphins January 8 2017
418,48-14,48,14,62,34,7,all games,St. Louis Rams vs. Carolina Panthers November 11 2001
419,35-6,35,6,41,29,7,all games,Seattle Seahawks vs. Baltimore Ravens December 13 2015
420,44-6,44,6,50,38,7,all games,Arizona Cardinals vs. Los Angeles Rams January 1 2017
421,38-16,38,16,54,22,7,all games,Pittsburgh Steelers vs. Washington Redskins September 12 2016
422,41-9,41,9,50,32,7,all games,Chicago Bears vs. Buffalo Bills November 4 2018
423,35-32,35,32,67,3,7,all games,Oakland Raiders vs. Carolina Panthers November 27 2016
424,42-13,42,13,55,29,7,all games,Seattle Seahawks vs. San Francisco 49ers December 23 2012
425,36-10,36,10,46,26,7,all games,Tampa Bay Buccaneers vs. Chicago Bears November 13 2016
426,41-16,41,16,57,25,7,all games,New England Patriots vs. Denver Broncos November 12 2017
427,27-11,27,11,38,16,7,all games,Washington Redskins vs. Denver Broncos December 24 2017
428,36-7,36,7,43,29,7,all games,New England Patriots vs. Miami Dolphins October 29 2015
429,36-0,36,0,36,36,7,all games,New York Giants vs. Washington Redskins October 30 2005
430,20-18,20,18,38,2,7,all games,Denver Broncos vs. New England Patriots January 24 2016
431,34-29,34,29,63,5,7,all games,Atlanta Falcons vs. Tampa Bay Buccaneers October 14 2018
432,25-19,25,19,44,6,7,all games,Atlanta Falcons vs. Washington Redskins October 11 2015
433,33-16,33,16,49,17,7,all games,Minnesota Vikings vs. Cleveland Browns October 29 2017
434,49-17,49,17,66,32,7,all games,Minnesota Vikings vs. New York Giants December 27 2015
435,48-0,48,0,48,48,7,all games,Jacksonville Jaguars vs. Cleveland Browns December 3 2000
436,18-7,18,7,25,11,7,all games,Pittsburgh Steelers vs. New York Jets December 9 2001
437,34-26,34,26,60,8,7,all games,Indianapolis Colts vs. Tennessee Titans October 23 2016
438,37-28,37,28,65,9,7,all games,Cincinnati Bengals vs. Denver Broncos December 22 2014
439,24-15,24,15,39,9,7,all games,Philadelphia Eagles vs. Atlanta Falcons November 13 2016
440,43-24,43,24,67,19,7,all games,Philadelphia Eagles vs. Tennessee Titans November 23 2014
441,34-9,34,9,43,25,7,all games,New England Patriots vs. Detroit Lions November 23 2014
442,28-18,28,18,46,10,7,all games,Arizona Cardinals vs. San Francisco 49ers October 7 2018
443,44-24,44,24,68,20,7,all games,Kansas City Chiefs vs. Denver Broncos January 3 2010
444,40-10,40,10,50,30,7,all games,Dallas Cowboys vs. San Francisco 49ers October 22 2017
445,27-12,27,12,39,15,7,all games,Pittsburgh Steelers vs. Washington Redskins October 28 2012
446,26-15,26,15,41,11,6,all games,Kansas City Chiefs vs. Oakland Raiders December 10 2017
447,47-17,47,17,64,30,6,all games,Atlanta Falcons vs. St. Louis Rams January 15 2005
448,41-34,41,34,75,7,6,all games,San Francisco 49ers vs. New England Patriots December 16 2012
449,38-36,38,36,74,2,6,all games,Tennessee Titans vs. Houston Texans October 21 2007
450,42-34,42,34,76,8,6,all games,New York Jets vs. Indianapolis Colts October 14 2018
451,28-9,28,9,37,19,6,all games,Buffalo Bills vs. New York Jets December 30 2012
452,49-0,49,0,49,49,6,all games,Kansas City Chiefs vs. Arizona Cardinals December 1 2002
453,36-30,36,30,66,6,6,all games,Chicago Bears vs. Minnesota Vikings December 28 2009
454,41-23,41,23,64,18,6,all games,New Orleans Saints vs. San Francisco 49ers November 6 2016
455,31-31,31,31,62,0,6,all games,Houston Oilers vs. San Diego Chargers October 25 1970
456,42-6,42,6,48,36,6,all games,Indianapolis Colts vs. St. Louis Rams October 25 2009
457,45-27,45,27,72,18,6,all games,New Orleans Saints vs. Detroit Lions September 13 2009
458,32-21,32,21,53,11,6,all games,Detroit Lions vs. Miami Dolphins October 21 2018
459,49-7,49,7,56,42,6,all games,San Francisco 49ers vs. Chicago Bears September 7 2003
460,52-14,52,14,66,38,6,all games,Miami Dolphins vs. New York Jets September 3 1995
461,42-3,42,3,45,39,6,all games,Philadelphia Eagles vs. San Francisco 49ers September 18 2005
462,55-14,55,14,69,41,6,all games,Green Bay Packers vs. Chicago Bears November 9 2014
463,26-18,26,18,44,8,6,all games,Arizona Cardinals vs. Baltimore Ravens October 26 2015
464,32-31,32,31,63,1,6,all games,Minnesota Vikings vs. New Orleans Saints December 15 2002
465,32-28,32,28,60,4,6,all games,Jacksonville Jaguars vs. Cleveland Browns December 1 2013
466,44-13,44,13,57,31,6,all games,Baltimore Ravens vs. Cincinnati Bengals September 10 2012
467,41-6,41,6,47,35,6,all games,Miami Dolphins vs. Indianapolis Colts December 10 2001
468,32-10,32,10,42,22,6,all games,Atlanta Falcons vs. Arizona Cardinals October 1 2006
469,27-25,27,25,52,2,6,all games,New England Patriots vs. New York Jets October 16 2014
470,28-22,28,22,50,6,6,all games,Seattle Seahawks vs. Green Bay Packers January 18 2015
471,33-18,33,18,51,15,6,all games,Pittsburgh Steelers vs. Cleveland Browns October 28 2018
472,34-12,34,12,46,22,6,all games,Denver Broncos vs. Cleveland Browns December 23 2012
473,25-13,25,13,38,12,6,all games,Denver Broncos vs. Indianapolis Colts December 14 2017
474,38-30,38,30,68,8,6,all games,Minnesota Vikings vs. Washington Redskins November 12 2017
475,35-15,35,15,50,20,5,all games,San Diego Chargers vs. Seattle Seahawks October 30 1994
476,29-6,29,6,35,23,5,all games,Houston Texans vs. Oakland Raiders October 4 2009
477,32-29,32,29,61,3,5,all games,Carolina Panthers vs. Green Bay Packers October 3 2005
478,36-21,36,21,57,15,5,all games,Carolina Panthers vs. Baltimore Ravens October 28 2018
479,22-6,22,6,28,16,5,all games,Arizona Cardinals vs. Carolina Panthers October 6 2013
480,27-15,27,15,42,12,5,all games,Green Bay Packers vs. Detroit Lions November 24 2011
481,26-22,26,22,48,4,5,all games,Indianapolis Colts vs. San Diego Chargers September 25 2016
482,47-7,47,7,54,40,5,all games,Arizona Cardinals vs. San Francisco 49ers September 27 2015
483,41-35,41,35,76,6,5,all games,New York Giants vs. Dallas Cowboys October 25 2010
484,22-9,22,9,31,13,5,all games,Miami Dolphins vs. Buffalo Bills November 13 2014
485,35-35,35,35,70,0,5,all games,Denver Broncos vs. Pittsburgh Steelers September 22 1974
486,2-0,2,0,2,2,5,all games,Chicago Bears vs. Green Bay Packers September 18 1938
487,35-26,35,26,61,9,5,all games,Green Bay Packers vs. Tampa Bay Buccaneers November 20 2011
488,49-31,49,31,80,18,5,all games,Buffalo Bills vs. Cincinnati Bengals November 21 2010
489,45-13,45,13,58,32,5,all games,Kansas City Chiefs vs. Washington Redskins September 30 2001
490,14-2,14,2,16,12,5,all games,Baltimore Colts vs. Los Angeles Rams November 11 1962
491,24-18,24,18,42,6,5,all games,Philadelphia Eagles vs. Jacksonville Jaguars October 28 2018
492,32-7,32,7,39,25,5,all games,San Francisco 49ers vs. Chicago Bears November 19 2012
493,42-35,42,35,77,7,5,all games,Tampa Bay Buccaneers vs. Chicago Bears October 8 1989
494,35-19,35,19,54,16,5,all games,Denver Broncos vs. Jacksonville Jaguars October 13 2013
495,32-17,32,17,49,15,5,all games,Detroit Lions vs. San Francisco 49ers December 27 2015
496,56-17,56,17,73,39,5,all games,San Francisco 49ers vs. Atlanta Falcons October 18 1992
497,43-0,43,0,43,43,5,all games,Pittsburgh Steelers vs. Cleveland Browns September 12 1999
498,36-17,36,17,53,19,5,all games,New England Patriots vs. Pittsburgh Steelers January 22 2017
499,45-38,45,38,83,7,5,all games,Green Bay Packers vs. San Diego Chargers November 6 2011
500,42-23,42,23,65,19,5,all games,Houston Texans vs. Miami Dolphins October 25 2018
501,18-14,18,14,32,4,5,all games,Indianapolis Colts vs. San Francisco 49ers November 1 2009
502,33-25,33,25,58,8,5,all games,Oakland Raiders vs. Indianapolis Colts December 24 2016
503,12-3,12,3,15,9,5,all games,Cincinnati Bengals vs. Cleveland Browns October 29 2000
504,51-14,51,14,65,37,5,all games,New Orleans Saints vs. Cincinnati Bengals November 11 2018
505,35-33,35,33,68,2,5,all games,Indianapolis Colts vs. Tennessee Titans September 27 2015
506,38-33,38,33,71,5,5,all games,Arizona Cardinals vs. Tampa Bay Buccaneers October 15 2017
507,48-20,48,20,68,28,5,all games,Philadelphia Eagles vs. Arizona Cardinals November 27 2008
508,48-3,48,3,51,45,5,all games,San Francisco 49ers vs. Tampa Bay Buccaneers October 9 2011
509,29-3,29,3,32,26,5,all games,Seattle Seahawks vs. San Francisco 49ers September 15 2013
510,40-13,40,13,53,27,5,all games,New York Jets vs. Miami Dolphins December 2 2007
511,38-19,38,19,57,19,5,all games,Atlanta Falcons vs. Arizona Cardinals November 27 2016
512,30-15,30,15,45,15,5,all games,Miami Dolphins vs. Pittsburgh Steelers October 16 2016
513,37-22,37,22,59,15,5,all games,New England Patriots vs. Buffalo Bills October 12 2014
514,23-18,23,18,41,5,5,all games,Jacksonville Jaguars vs. Houston Texans December 6 2009
515,39-0,39,0,39,39,5,all games,Detroit Lions vs. Chicago Cardinals September 28 1936
516,25-14,25,14,39,11,5,all games,Arizona Cardinals vs. New York Giants September 14 2014
517,36-33,36,33,69,3,5,all games,New England Patriots vs. Houston Texans September 24 2017
518,8-0,8,0,8,8,5,all games,Cleveland Browns vs. Buffalo Bills December 16 2007
519,38-15,38,15,53,23,5,all games,Tampa Bay Buccaneers vs. Seattle Seahawks December 26 2010
520,31-12,31,12,43,19,5,all games,Green Bay Packers vs. Miami Dolphins November 11 2018
521,51-7,51,7,58,44,5,all games,San Francisco 49ers vs. Minnesota Vikings December 8 1984
522,34-15,34,15,49,19,5,all games,Kansas City Chiefs vs. Miami Dolphins September 21 2014
523,31-25,31,25,56,6,5,all games,Seattle Seahawks vs. Buffalo Bills November 7 2016
524,27-27,27,27,54,0,5,all games,Washington Redskins vs. Cincinnati Bengals October 30 2016
525,28-12,28,12,40,16,5,all games,Pittsburgh Steelers vs. Cleveland Browns January 3 2016
526,35-12,35,12,47,23,4,all games,Atlanta Falcons vs. New Orleans Saints December 5 1999
527,44-41,44,41,85,3,4,all games,Tennessee Titans vs. Detroit Lions September 23 2012
528,44-38,44,38,82,6,4,all games,Carolina Panthers vs. New Orleans Saints December 30 2012
529,37-29,37,29,66,8,4,all games,Carolina Panthers vs. Green Bay Packers November 8 2015
530,56-7,56,7,63,49,4,all games,Oakland Raiders vs. Houston Oilers December 21 1969
531,25-6,25,6,31,19,4,all games,New England Patriots vs. Buffalo Bills October 29 2018
532,39-10,39,10,49,29,4,all games,Los Angeles Rams vs. San Francisco 49ers October 21 2018
533,41-19,41,19,60,22,4,all games,Detroit Lions vs. Minnesota Vikings December 17 1994
534,19-15,19,15,34,4,4,all games,Washington Redskins vs. Dallas Cowboys September 23 1990
535,30-29,30,29,59,1,4,all games,Tennessee Titans vs. Buffalo Bills December 24 2006
536,18-10,18,10,28,8,4,all games,New York Giants vs. Washington Redskins December 31 2017
537,37-33,37,33,70,4,4,all games,Oakland Raiders vs. Baltimore Ravens September 20 2015
538,25-16,25,16,41,9,4,all games,Minnesota Vikings vs. Jacksonville Jaguars December 11 2016
539,23-23,23,23,46,0,4,all games,Detroit Lions vs. Philadelphia Eagles November 4 1984
540,43-17,43,17,60,26,4,all games,New England Patriots vs. Cincinnati Bengals October 5 2014
541,45-6,45,6,51,39,4,all games,Los Angeles Rams vs. Seattle Seahawks October 31 1976
542,43-7,43,7,50,36,4,all games,Atlanta Falcons vs. Tampa Bay Buccaneers November 17 1991
543,31-18,31,18,49,13,4,all games,Atlanta Falcons vs. Detroit Lions December 22 2012
544,32-6,32,6,38,26,4,all games,Minnesota Vikings vs. Green Bay Packers December 7 1986
545,32-3,32,3,35,29,4,all games,New York Jets vs. Jacksonville Jaguars September 18 2011
546,29-0,29,0,29,29,4,all games,Washington Redskins vs. Seattle Seahawks December 23 1989
547,56-0,56,0,56,56,4,all games,Baltimore Colts vs. Green Bay Packers November 2 1958
548,45-42,45,42,87,3,4,all games,Oakland Raiders vs. Cleveland Browns September 30 2018
549,37-26,37,26,63,11,4,all games,Green Bay Packers vs. Detroit Lions November 22 2007
550,32-13,32,13,45,19,4,all games,Dallas Cowboys vs. Washington Redskins December 10 2000
551,37-30,37,30,67,7,4,all games,Green Bay Packers vs. Carolina Panthers September 27 1998
552,33-12,33,12,45,21,4,all games,Los Angeles Rams vs. New York Giants September 30 1984
553,34-25,34,25,59,9,4,all games,Oakland Raiders vs. Tennessee Titans October 30 2005
554,18-13,18,13,31,5,4,all games,Detroit Lions vs. Oakland Raiders November 22 2015
555,29-16,29,16,45,13,4,all games,Denver Broncos vs. Kansas City Chiefs November 30 2014
556,18-12,18,12,30,6,4,all games,Philadelphia Eagles vs. Atlanta Falcons September 6 2018
557,19-11,19,11,30,8,4,all games,San Francisco 49ers vs. Washington Redskins November 6 2011
558,44-20,44,20,64,24,4,all games,Baltimore Ravens vs. Detroit Lions December 3 2017
559,47-10,47,10,57,37,4,all games,New Orleans Saints vs. Buffalo Bills November 12 2017
560,36-31,36,31,67,5,4,all games,Los Angeles Rams vs. Seattle Seahawks November 11 2018
561,40-34,40,34,74,6,4,all games,Kansas City Chiefs vs. Green Bay Packers October 12 2003
562,47-27,47,27,74,20,4,all games,Atlanta Falcons vs. Houston Oilers September 9 1990
563,18-6,18,6,24,12,4,all games,Green Bay Packers vs. Minnesota Vikings December 11 1988
564,47-0,47,0,47,47,4,all games,Houston Oilers vs. Chicago Bears November 6 1977
565,32-20,32,20,52,12,4,all games,San Francisco 49ers vs. Arizona Cardinals October 13 2013
566,59-0,59,0,59,59,4,all games,New England Patriots vs. Tennessee Titans October 18 2009
567,15-3,15,3,18,12,4,all games,Cincinnati Bengals vs. Los Angeles Rams December 19 1993
568,56-10,56,10,66,46,4,all games,New England Patriots vs. Buffalo Bills November 18 2007
569,28-15,28,15,43,13,4,all games,Pittsburgh Steelers vs. Arizona Cardinals November 9 2003
570,29-22,29,22,51,7,4,all games,Jacksonville Jaguars vs. Pittsburgh Steelers December 16 2007
571,36-6,36,6,42,30,4,all games,Seattle Seahawks vs. Arizona Cardinals January 3 2016
572,48-23,48,23,71,25,4,all games,Arizona Cardinals vs. Chicago Bears September 20 2015
573,47-14,47,14,61,33,4,all games,Washington Redskins vs. New Orleans Saints November 15 2015
574,26-19,26,19,45,7,4,all games,Detroit Lions vs. Jacksonville Jaguars November 20 2016
575,45-34,45,34,79,11,4,all games,Seattle Seahawks vs. Oakland Raiders October 26 1997
576,43-37,43,37,80,6,4,all games,New Orleans Saints vs. Atlanta Falcons September 23 2018
577,29-19,29,19,48,10,4,all games,Kansas City Chiefs vs. Denver Broncos October 30 2017
578,43-28,43,28,71,15,3,all games,Atlanta Falcons vs. Tampa Bay Buccaneers November 3 2016
579,34-18,34,18,52,16,3,all games,Buffalo Bills vs. Jacksonville Jaguars December 2 2012
580,56-14,56,14,70,42,3,all games,Atlanta Falcons vs. Tampa Bay Buccaneers September 18 2014
581,57-0,57,0,57,57,3,all games,Chicago Bears vs. Baltimore Colts November 25 1962
582,45-16,45,16,61,29,3,all games,Buffalo Bills vs. San Francisco 49ers October 16 2016
583,37-9,37,9,46,28,3,all games,Philadelphia Eagles vs. Dallas Cowboys November 19 2017
584,56-20,56,20,76,36,3,all games,Philadelphia Eagles vs. Los Angeles Rams October 7 1950
585,51-17,51,17,68,34,3,all games,Los Angeles Rams vs. New York Giants November 5 2017
586,48-24,48,24,72,24,3,all games,Chicago Bears vs. Detroit Lions October 4 2009
587,32-25,32,25,57,7,3,all games,Arizona Cardinals vs. Philadelphia Eagles January 18 2009
588,55-7,55,7,62,48,3,all games,Green Bay Packers vs. Tennessee Titans December 23 2012
589,52-0,52,0,52,52,3,all games,St. Louis Rams vs. Oakland Raiders November 30 2014
590,55-21,55,21,76,34,3,all games,Indianapolis Colts vs. New Orleans Saints September 28 2003
591,39-17,39,17,56,22,3,all games,Philadelphia Eagles vs. New Orleans Saints October 11 2015
592,49-13,49,13,62,36,3,all games,Washington Redskins vs. New York Giants September 28 1975
593,40-3,40,3,43,37,3,all games,Green Bay Packers vs. Chicago Bears December 11 1994
594,52-17,52,17,69,35,3,all games,Washington Redskins vs. San Francisco 49ers October 23 2005
595,20-8,20,8,28,12,3,all games,Dallas Cowboys vs. New York Giants December 14 2008
596,39-7,39,7,46,32,3,all games,Houston Oilers vs. Miami Dolphins October 1 1989
597,40-0,40,0,40,40,3,all games,Baltimore Ravens vs. Miami Dolphins October 26 2017
598,40-32,40,32,72,8,3,all games,New England Patriots vs. Buffalo Bills September 20 2015
599,7-2,7,2,9,5,3,all games,New England Patriots vs. Cincinnati Bengals December 12 1993
600,48-27,48,27,75,21,3,all games,New Orleans Saints vs. New York Giants October 18 2009
601,50-21,50,21,71,29,3,all games,Washington Redskins vs. New York Giants September 19 1999
602,49-26,49,26,75,23,3,all games,New England Patriots vs. Oakland Raiders December 14 2008
603,41-33,41,33,74,8,3,all games,Philadelphia Eagles vs. New England Patriots February 4 2018
604,43-35,43,35,78,8,3,all games,Philadelphia Eagles vs. Los Angeles Rams December 10 2017
605,44-27,44,27,71,17,3,all games,New York Giants vs. Indianapolis Colts December 22 2002
606,39-35,39,35,74,4,3,all games,Detroit Lions vs. Indianapolis Colts September 11 2016
607,15-6,15,6,21,9,3,all games,Philadelphia Eagles vs. Pittsburgh Steelers September 21 2008
608,5-0,5,0,5,5,3,all games,Buffalo Bills vs. Cincinnati Bengals October 22 1978
609,21-11,21,11,32,10,3,all games,New England Patriots vs. Buffalo Bills November 11 2001
610,44-28,44,28,72,16,3,all games,Cincinnati Bengals vs. Cleveland Browns December 12 1999
611,48-13,48,13,61,35,3,all games,Denver Broncos vs. Tampa Bay Buccaneers November 7 1976
612,39-14,39,14,53,25,3,all games,Chicago Bears vs. New Orleans Saints January 21 2007
613,37-36,37,36,73,1,3,all games,Cincinnati Bengals vs. Atlanta Falcons September 30 2018
614,42-37,42,37,79,5,3,all games,Kansas City Chiefs vs. Pittsburgh Steelers September 16 2018
615,49-24,49,24,73,25,3,all games,New Orleans Saints vs. New York Giants November 28 2011
616,23-8,23,8,31,15,3,all games,Oakland Raiders vs. Kansas City Chiefs September 14 2008
617,42-19,42,19,61,23,3,all games,New York Giants vs. Arizona Cardinals September 11 2005
618,14-11,14,11,25,3,3,all games,Washington Redskins vs. Cleveland Browns October 19 2008
619,43-13,43,13,56,30,3,all games,Houston Texans vs. Baltimore Ravens October 21 2012
620,39-31,39,31,70,8,3,all games,Detroit Lions vs. Dallas Cowboys December 31 2006
621,52-10,52,10,62,42,3,all games,Philadelphia Eagles vs. St. Louis Cardinals November 8 1981
622,16-16,16,16,32,0,3,all games,Cleveland Browns vs. San Diego Chargers October 28 1973
623,33-22,33,22,55,11,3,all games,Green Bay Packers vs. Kansas City Chiefs November 4 2007
624,35-8,35,8,43,27,3,all games,Miami Dolphins vs. Buffalo Bills November 20 2011
625,36-13,36,13,49,23,3,all games,Minnesota Vikings vs. Tampa Bay Buccaneers October 30 1994
626,40-16,40,16,56,24,3,all games,Minnesota Vikings vs. San Francisco 49ers October 24 1999
627,32-16,32,16,48,16,3,all games,Los Angeles Rams vs. Arizona Cardinals December 3 2017
628,62-7,62,7,69,55,3,all games,New Orleans Saints vs. Indianapolis Colts October 23 2011
629,34-22,34,22,56,12,3,all games,Chicago Bears vs. Detroit Lions November 11 2018
630,39-32,39,32,71,7,3,all games,Arizona Cardinals vs. Seattle Seahawks November 15 2015
631,51-0,51,0,51,51,3,all games,Cleveland Browns vs. Pittsburgh Steelers September 10 1989
632,35-22,35,22,57,13,3,all games,Dallas Cowboys vs. San Francisco 49ers November 23 2008
633,48-16,48,16,64,32,3,all games,Carolina Panthers vs. Tampa Bay Buccaneers December 24 2011
634,37-23,37,23,60,14,3,all games,Carolina Panthers vs. Tampa Bay Buccaneers October 4 2015
635,40-6,40,6,46,34,3,all games,Los Angeles Rams vs. New York Giants December 10 1973
636,47-13,47,13,60,34,3,all games,Cleveland Browns vs. Philadelphia Eagles November 24 1968
637,51-45,51,45,96,6,3,all games,Arizona Cardinals vs. Green Bay Packers January 10 2010
638,39-26,39,26,65,13,3,all games,New England Patriots vs. Pittsburgh Steelers November 14 2010
639,59-14,59,14,73,45,3,all games,Oakland Raiders vs. Denver Broncos October 24 2010
640,39-38,39,38,77,1,3,all games,Pittsburgh Steelers vs. Baltimore Ravens December 10 2017
641,15-9,15,9,24,6,3,all games,Pittsburgh Steelers vs. Atlanta Falcons September 12 2010
642,55-24,55,24,79,31,3,all games,New York Giants vs. Green Bay Packers December 20 1986
643,44-23,44,23,67,21,3,all games,New Orleans Saints vs. Green Bay Packers October 26 2014
644,11-7,11,7,18,4,3,all games,New Orleans Saints vs. San Francisco 49ers October 29 1995
645,45-20,45,20,65,25,3,all games,Oakland Raiders vs. New York Jets September 17 2017
646,24-2,24,2,26,22,3,all games,New York Giants vs. Atlanta Falcons January 8 2012
647,36-35,36,35,71,1,3,all games,Tampa Bay Buccaneers vs. Washington Redskins November 13 2005
648,51-23,51,23,74,28,3,all games,Philadelphia Eagles vs. Denver Broncos November 5 2017
649,38-32,38,32,70,6,3,all games,Atlanta Falcons vs. New Orleans Saints January 1 2017
650,18-0,18,0,18,18,3,all games,Cleveland Browns vs. Cincinnati Bengals November 25 2001
651,40-20,40,20,60,20,3,all games,Cincinnati Bengals vs. Houston Oilers December 23 1990
652,50-17,50,17,67,33,3,all games,Seattle Seahawks vs. Buffalo Bills December 16 2012
653,44-34,44,34,78,10,3,all games,Buffalo Bills vs. Miami Dolphins January 12 1991
654,43-23,43,23,66,20,3,all games,Pittsburgh Steelers vs. Baltimore Ravens November 2 2014
655,52-31,52,31,83,21,3,all games,Carolina Panthers vs. Cincinnati Bengals December 8 2002
656,25-12,25,12,37,13,3,all games,Indianapolis Colts vs. Tampa Bay Buccaneers November 29 2015
657,49-28,49,28,77,21,3,all games,New England Patriots vs. Miami Dolphins October 21 2007
658,52-20,52,20,72,32,3,all games,Denver Broncos vs. Philadelphia Eagles September 29 2013
659,49-27,49,27,76,22,3,all games,Indianapolis Colts vs. Washington Redskins November 30 2014
660,40-28,40,28,68,12,3,all games,Green Bay Packers vs. Chicago Bears December 17 1989
661,38-37,38,37,75,1,3,all games,Detroit Lions vs. Cleveland Browns November 22 2009
662,13-2,13,2,15,11,3,all games,Detroit Lions vs. Minnesota Vikings December 5 1983
663,55-20,55,20,75,35,3,all games,Baltimore Ravens vs. Oakland Raiders November 11 2012
664,25-15,25,15,40,10,3,all games,Baltimore Ravens vs. Cleveland Browns November 4 2012
665,45-41,45,41,86,4,3,all games,Washington Redskins vs. Chicago Bears October 20 2013
666,51-10,51,10,61,41,3,all games,Minnesota Vikings vs. Houston Oilers October 13 1974
667,48-22,48,22,70,26,3,all games,New Orleans Saints vs. Philadelphia Eagles September 20 2009
668,38-26,38,26,64,12,3,all games,Washington Redskins vs. Minnesota Vikings October 14 2012
669,35-25,35,25,60,10,3,all games,Washington Redskins vs. Buffalo Bills December 20 2015
670,48-28,48,28,76,20,3,all games,New York Jets vs. Buffalo Bills September 9 2012
671,51-21,51,21,72,30,3,all games,Los Angeles Rams vs. Green Bay Packers September 21 1980
672,50-14,50,14,64,36,2,all games,San Francisco 49ers vs. Arizona Cardinals December 7 2003
673,39-28,39,28,67,11,2,all games,Atlanta Falcons vs. Dallas Cowboys September 27 2015
674,33-23,33,23,56,10,2,all games,Cincinnati Bengals vs. Jacksonville Jaguars November 2 2014
675,51-3,51,3,54,48,2,all games,Buffalo Bills vs. Los Angeles Raiders January 20 1991
676,53-7,53,7,60,46,2,all games,San Diego Chargers vs. New York Jets November 2 1963
677,52-35,52,35,87,17,2,all games,Chicago Bears vs. Minnesota Vikings December 17 1961
678,44-9,44,9,53,35,2,all games,Kansas City Chiefs vs. San Francisco 49ers November 30 1997
679,40-23,40,23,63,17,2,all games,Chicago Bears vs. Pittsburgh Steelers September 22 2013
680,45-12,45,12,57,33,2,all games,New York Giants vs. Washington Redskins December 21 2009
681,30-18,30,18,48,12,2,all games,Indianapolis Colts vs. Detroit Lions October 29 2000
682,25-3,25,3,28,22,2,all games,Indianapolis Colts vs. Houston Texans December 15 2013
683,43-21,43,21,64,22,2,all games,New England Patriots vs. Denver Broncos November 2 2014
684,40-37,40,37,77,3,2,all games,New York Jets vs. Miami Dolphins October 23 2000
685,31-2,31,2,33,29,2,all games,Dallas Cowboys vs. New York Giants September 19 1965
686,6-2,6,2,8,4,2,all games,Dallas Cowboys vs. Cleveland Browns December 12 1970
687,40-38,40,38,78,2,2,all games,Los Angeles Raiders vs. Dallas Cowboys October 23 1983
688,51-48,51,48,99,3,2,all games,Denver Broncos vs. Dallas Cowboys October 6 2013
689,11-3,11,3,14,8,2,all games,Minnesota Vikings vs. Green Bay Packers September 30 1973
690,56-3,56,3,59,53,2,all games,New England Patriots vs. New York Jets September 9 1979
691,52-9,52,9,61,43,2,all games,Oakland Raiders vs. Carolina Panthers December 24 2000
692,42-41,42,41,83,1,2,all games,Kansas City Chiefs vs. San Diego Chargers October 19 1986
693,48-30,48,30,78,18,2,all games,Minnesota Vikings vs. Philadelphia Eagles December 15 2013
694,17-5,17,5,22,12,2,all games,Philadelphia Eagles vs. Phoenix Cardinals October 15 1989
695,29-9,29,9,38,20,2,all games,Pittsburgh Steelers vs. Cleveland Browns January 7 1995
696,45-29,45,29,74,16,2,all games,St. Louis Rams vs. Atlanta Falcons October 15 2000
697,47-3,47,3,50,44,2,all games,Baltimore Ravens vs. Buffalo Bills September 9 2018
698,37-19,37,19,56,18,2,all games,Pittsburgh Steelers vs. Carolina Panthers September 21 2014
699,34-34,34,34,68,0,2,all games,Atlanta Falcons vs. Pittsburgh Steelers November 10 2002
700,22-5,22,5,27,17,2,all games,Seattle Seahawks vs. Cleveland Browns November 14 1993
701,30-30,30,30,60,0,2,all games,Chicago Bears vs. San Francisco 49ers November 13 1966
702,47-41,47,41,88,6,2,all games,Buffalo Bills vs. Houston Oilers September 24 1989
703,21-15,21,15,36,6,2,all games,Green Bay Packers vs. Chicago Bears September 13 2009
704,18-3,18,3,21,15,2,all games,Pittsburgh Steelers vs. Minnesota Vikings December 18 2005
705,47-25,47,25,72,22,2,all games,Tennessee Titans vs. Green Bay Packers November 13 2016
706,44-30,44,30,74,14,2,all games,Cincinnati Bengals vs. San Francisco 49ers December 5 1999
707,37-8,37,8,45,29,2,all games,Cincinnati Bengals vs. Minnesota Vikings September 18 2005
708,38-25,38,25,63,13,2,all games,Green Bay Packers vs. Minnesota Vikings December 24 2016
709,62-14,62,14,76,48,2,all games,Cleveland Browns vs. New York Giants December 6 1953
710,9-5,9,5,14,4,2,all games,Indianapolis Colts vs. New York Jets November 11 1984
711,60-0,60,0,60,60,2,all games,Chicago Cardinals vs. Rochester Jeffersons October 7 1923
712,38-8,38,8,46,30,2,all games,Arizona Cardinals vs. Green Bay Packers December 27 2015
713,46-21,46,21,67,25,2,all games,Dallas Cowboys vs. St. Louis Cardinals November 23 1967
714,34-32,34,32,66,2,2,all games,Denver Broncos vs. New Orleans Saints September 21 2008
715,23-2,23,2,25,21,2,all games,Detroit Lions vs. Los Angeles Rams September 14 1963
716,13-11,13,11,24,2,2,all games,Detroit Lions vs. Philadelphia Eagles November 16 1986
717,37-25,37,25,62,12,2,all games,Detroit Lions vs. Washington Redskins October 31 2010
718,12-12,12,12,24,0,2,all games,Green Bay Packers vs. Chicago Bears September 30 1928
719,44-31,44,31,75,13,2,all games,Green Bay Packers vs. Minnesota Vikings October 27 2013
720,29-15,29,15,44,14,2,all games,New York Jets vs. Indianapolis Colts December 27 2009
721,49-6,49,6,55,43,2,all games,New York Giants vs. St. Louis Cardinals December 7 1969
722,29-25,29,25,54,4,2,all games,New Orleans Saints vs. Atlanta Falcons December 7 2008
723,26-8,26,8,34,18,2,all games,Miami Dolphins vs. Baltimore Colts October 29 1978
724,30-25,30,25,55,5,2,all games,Miami Dolphins vs. New York Jets November 1 2009
725,47-21,47,21,68,26,2,all games,New England Patriots vs. Baltimore Colts November 23 1980
726,53-0,53,0,53,53,2,all games,New York Giants vs. Washington Redskins November 5 1961
727,16-11,16,11,27,5,2,all games,Tampa Bay Buccaneers vs. New Orleans Saints December 11 2016
728,42-33,42,33,75,9,2,all games,Houston Oilers vs. Denver Broncos November 26 1995
729,41-36,41,36,77,5,2,all games,Seattle Seahawks vs. New Orleans Saints January 8 2011
730,37-15,37,15,52,22,2,all games,Atlanta Falcons vs. St. Louis Rams November 1 1998
731,29-18,29,18,47,11,2,all games,Atlanta Falcons vs. Arizona Cardinals November 30 2014
732,33-32,33,32,65,1,2,all games,Atlanta Falcons vs. Green Bay Packers October 30 2016
733,55-0,55,0,55,55,2,all games,Houston Oilers vs. Oakland Raiders September 9 1961
734,44-16,44,16,60,28,2,all games,Carolina Panthers vs. Washington Redskins November 22 2015
735,42-32,42,32,74,10,2,all games,Tampa Bay Buccaneers vs. Oakland Raiders November 4 2012
736,38-22,38,22,60,16,2,all games,Carolina Panthers vs. San Francisco 49ers September 10 2000
737,56-21,56,21,77,35,2,all games,Philadelphia Eagles vs. Detroit Lions September 23 2007
738,3-2,3,2,5,1,2,all games,Chicago Cardinals vs. Milwaukee Badgers October 24 1926
739,52-7,52,7,59,45,2,all games,New England Patriots vs. Washington Redskins October 28 2007
740,49-37,49,37,86,12,2,all games,St. Louis Rams vs. Minnesota Vikings January 16 2000
741,41-22,41,22,63,19,2,all games,Miami Dolphins vs. St. Louis Rams December 24 1995
742,33-26,33,26,59,7,2,all games,Minnesota Vikings vs. Washington Redskins December 24 2011
743,39-36,39,36,75,3,2,all games,Denver Broncos vs. Miami Dolphins November 23 2014
744,35-11,35,11,46,24,2,all games,Detroit Lions vs. Green Bay Packers December 31 2017
745,36-24,36,24,60,12,2,all games,Green Bay Packers vs. Los Angeles Rams September 9 1990
746,32-24,32,24,56,8,2,all games,Philadelphia Eagles vs. Minnesota Vikings October 15 1990
747,44-26,44,26,70,18,2,all games,Miami Dolphins vs. Houston Texans October 25 2015
748,49-20,49,20,69,29,2,all games,Philadelphia Eagles vs. Oakland Raiders November 3 2013
749,48-26,48,26,74,22,2,all games,Los Angeles Rams vs. San Francisco 49ers October 5 1980
750,37-32,37,32,69,5,2,all games,Los Angeles Rams vs. Tampa Bay Buccaneers September 25 2016
751,40-33,40,33,73,7,2,all games,New Orleans Saints vs. Houston Texans September 25 2011
752,52-28,52,28,80,24,2,all games,New England Patriots vs. Buffalo Bills September 30 2012
753,49-3,49,3,52,46,2,all games,New York Giants vs. San Francisco 49ers January 4 1987
754,30-8,30,8,38,22,2,all games,New York Jets vs. Tennessee Titans December 13 2015
755,52-24,52,24,76,28,2,all games,Pittsburgh Steelers vs. San Diego Chargers November 25 1984
756,39-3,39,3,42,36,2,all games,San Diego Chargers vs. New York Jets October 14 1990
757,14-5,14,5,19,9,2,all games,Tampa Bay Buccaneers vs. Seattle Seahawks November 27 2016
758,51-24,51,24,75,27,2,all games,Indianapolis Colts vs. Tennessee Titans December 5 2004
759,47-34,47,34,81,13,2,all games,Buffalo Bills vs. Miami Dolphins December 19 1993
760,16-8,16,8,24,8,2,all games,Carolina Panthers vs. Dallas Cowboys September 9 2018
761,46-10,46,10,56,36,2,all games,Chicago Bears vs. New England Patriots January 26 1986
762,28-8,28,8,36,20,2,all games,Kansas City Chiefs vs. Oakland Raiders September 6 1998
763,45-37,45,37,82,8,2,all games,Indianapolis Colts vs. Cincinnati Bengals November 20 2005
764,61-7,61,7,68,54,2,all games,Cincinnati Bengals vs. Houston Oilers December 17 1989
765,35-18,35,18,53,17,2,all games,Green Bay Packers vs. Washington Redskins January 10 2016
766,48-41,48,41,89,7,2,all games,New Orleans Saints vs. Arizona Cardinals December 18 2016
767,58-20,58,20,78,38,2,all games,Baltimore Colts vs. Buffalo Bills December 12 1976
768,51-27,51,27,78,24,2,all games,Indianapolis Colts vs. Houston Oilers November 29 1987
769,36-34,36,34,70,2,2,all games,San Francisco 49ers vs. Denver Broncos September 23 1973
770,48-19,48,19,67,29,2,all games,Arizona Cardinals vs. St. Louis Rams December 30 2007
771,41-37,41,37,78,4,2,all games,Dallas Cowboys vs. Philadelphia Eagles September 15 2008
772,50-34,50,34,84,16,2,all games,San Diego Chargers vs. Cincinnati Bengals December 20 1982
773,49-35,49,35,84,14,2,all games,Detroit Lions vs. Carolina Panthers November 20 2011
774,12-8,12,8,20,4,2,all games,Tennessee Oilers vs. Baltimore Ravens October 11 1998
775,45-19,45,19,64,26,2,all games,Philadelphia Eagles vs. New York Jets December 18 2011
776,19-18,19,18,37,1,2,all games,Tampa Bay Buccaneers vs. Arizona Cardinals September 28 1997
777,52-49,52,49,101,3,2,all games,New Orleans Saints vs. New York Giants November 1 2015
778,32-18,32,18,50,14,2,all games,New York Giants vs. Tampa Bay Buccaneers November 8 2015
779,31-8,31,8,39,23,2,all games,Baltimore Ravens vs. New Orleans Saints December 19 1999
780,39-30,39,30,69,9,1,all games,Seattle Seahawks vs. Pittsburgh Steelers November 29 2015
781,56-28,56,28,84,28,1,all games,San Francisco 49ers vs. Cleveland Browns October 9 1949
782,55-10,55,10,65,45,1,all games,San Francisco 49ers vs. Denver Broncos January 28 1990
783,36-32,36,32,68,4,1,all games,San Francisco 49ers vs. New Orleans Saints January 14 2012
784,48-40,48,40,88,8,1,all games,Tampa Bay Buccaneers vs. New Orleans Saints September 9 2018
785,72-41,72,41,113,31,1,all games,Washington Redskins vs. New York Giants November 27 1966
786,39-34,39,34,73,5,1,all games,Atlanta Falcons vs. San Francisco 49ers October 13 1991
787,36-15,36,15,51,21,1,all games,Atlanta Falcons vs. Detroit Lions December 22 2002
788,45-32,45,32,77,13,1,all games,Atlanta Falcons vs. New Orleans Saints September 26 2016
789,46-31,46,31,77,15,1,all games,Buffalo Bills vs. New York Jets September 23 1979
790,34-11,34,11,45,23,1,all games,Buffalo Bills vs. Indianapolis Colts November 22 1998
791,54-31,54,31,85,23,1,all games,Buffalo Bills vs. Kansas City Chiefs November 23 2008
792,61-20,61,20,81,41,1,all games,Chicago Bears vs. San Francisco 49ers December 12 1965
793,53-10,53,10,63,43,1,all games,Cleveland Bulldogs vs. Milwaukee Badgers November 27 1924
794,61-17,61,17,78,44,1,all games,Cincinnati Bengals vs. Houston Oilers December 17 1972
795,50-24,50,24,74,26,1,all games,Cincinnati Bengals vs. Dallas Cowboys December 8 1985
796,58-48,58,48,106,10,1,all games,Cincinnati Bengals vs. Cleveland Browns November 28 2004
797,49-9,49,9,58,40,1,all games,Cincinnati Bengals vs. New York Jets October 27 2013
798,35-2,35,2,37,33,1,all games,Cleveland Browns vs. Chicago Hornets November 6 1949
799,49-40,49,40,89,9,1,all games,Cleveland Browns vs. New York Giants December 4 1966
800,51-38,51,38,89,13,1,all games,Baltimore Colts vs. Chicago Bears October 4 1958
801,10-8,10,8,18,2,1,all games,Baltimore Colts vs. New York Jets October 7 1979
802,55-23,55,23,78,32,1,all games,Indianapolis Colts vs. Denver Broncos October 31 1988
803,53-14,53,14,67,39,1,all games,Chicago Cardinals vs. Chicago Bears November 27 1955
804,40-30,40,30,70,10,1,all games,St. Louis Cardinals vs. Washington Redskins September 20 1981
805,34-8,34,8,42,26,1,all games,Denver Broncos vs. New England Patriots November 17 1996
806,22-8,22,8,30,14,1,all games,Denver Broncos vs. Oakland Raiders November 30 2003
807,26-12,26,12,38,14,1,all games,Detroit Lions vs. Arizona Cardinals December 5 2004
808,5-3,5,3,8,2,1,all games,Frankford Yellow Jackets vs. New York Giants October 17 1925
809,43-6,43,6,49,37,1,all games,Green Bay Packers vs. Evansville Crimson Giants November 6 1921
810,50-7,50,7,57,43,1,all games,Green Bay Packers vs. Detroit Lions November 24 1940
811,43-10,43,10,53,33,1,all games,Green Bay Packers vs. Detroit Lions October 6 1985
812,39-13,39,13,52,26,1,all games,Green Bay Packers vs. Philadelphia Eagles September 9 1996
813,52-3,52,3,55,49,1,all games,Green Bay Packers vs. New Orleans Saints October 9 2005
814,24-5,24,5,29,19,1,all games,Houston Texans vs. Chicago Bears December 19 2004
815,24-11,24,11,35,13,1,all games,Jacksonville Jaguars vs. Cincinnati Bengals November 8 1998
816,51-16,51,16,67,35,1,all games,Jacksonville Jaguars vs. Indianapolis Colts December 13 2015
817,49-39,49,39,88,10,1,all games,Kansas City Chiefs vs. Denver Broncos November 1 1964
818,49-38,49,38,87,11,1,all games,Kansas City Chiefs vs. Tennessee Titans December 13 2004
819,50-10,50,10,60,40,1,all games,Minnesota Vikings vs. Jacksonville Jaguars December 20 1998
820,26-26,26,26,52,0,1,all games,Green Bay Packers vs. Minnesota Vikings November 24 2013
821,43-38,43,38,81,5,1,all games,New Orleans Saints vs. San Francisco 49ers November 23 1969
822,52-38,52,38,90,14,1,all games,New Orleans Saints vs. Detroit Lions October 15 2017
823,46-38,46,38,84,8,1,all games,New England Patriots vs. Baltimore Ravens October 6 1996
824,49-19,49,19,68,30,1,all games,New England Patriots vs. New York Jets November 22 2012
825,33-8,33,8,41,25,1,all games,New England Patriots vs. Oakland Raiders November 19 2017
826,62-10,62,10,72,52,1,all games,New York Giants vs. Philadelphia Eagles November 26 1972
827,46-45,46,45,91,1,1,all games,New York Titans vs. Denver Broncos November 22 1962
828,62-28,62,28,90,34,1,all games,New York Jets vs. Tampa Bay Buccaneers November 17 1985
829,47-16,47,16,63,31,1,all games,Houston Oilers vs. Oakland Raiders December 17 1961
830,58-14,58,14,72,44,1,all games,Houston Oilers vs. Cleveland Browns December 9 1990
831,58-37,58,37,95,21,1,all games,Philadelphia Eagles vs. Detroit Lions December 30 1995
832,40-26,40,26,66,14,1,all games,Philadelphia Eagles vs. San Francisco 49ers October 12 2008
833,34-5,34,5,39,29,1,all games,Pittsburgh Steelers vs. Houston Oilers January 7 1979
834,11-10,11,10,21,1,1,all games,Pittsburgh Steelers vs. San Diego Chargers November 16 2008
835,10-4,10,4,14,6,1,all games,Racine Legion vs. Chicago Cardinals November 25 1923
836,48-6,48,6,54,42,1,all games,Oakland Raiders vs. Buffalo Bills September 15 1968
837,50-19,50,19,69,31,1,all games,Oakland Raiders vs. Atlanta Falcons October 14 1979
838,40-35,40,35,75,5,1,all games,Oakland Raiders vs. Tennessee Titans December 19 2004
839,70-27,70,27,97,43,1,all games,Los Angeles Rams vs. Baltimore Colts October 22 1950
840,42-38,42,38,80,4,1,all games,Los Angeles Rams vs. Chicago Bears October 24 1954
841,11-6,11,6,17,5,1,all games,St. Louis Rams vs. Tampa Bay Buccaneers January 23 2000
842,46-9,46,9,55,37,1,all games,Los Angeles Rams vs. Indianapolis Colts September 10 2017
843,39-27,39,27,66,12,1,all games,Baltimore Ravens vs. Indianapolis Colts December 2 2001
844,54-44,54,44,98,10,1,all games,San Diego Chargers vs. Pittsburgh Steelers December 8 1985
845,48-29,48,29,77,19,1,all games,San Diego Chargers vs. New York Jets September 22 2008
846,22-15,22,15,37,7,1,all games,Seattle Seahawks vs. Miami Dolphins October 6 1996
847,36-25,36,25,61,11,1,all games,Seattle Seahawks vs. New York Giants October 9 2011
848,37-18,37,18,55,19,1,all games,Seattle Seahawks vs. San Francisco 49ers September 25 2016
849,21-8,21,8,29,13,1,all games,San Francisco 49ers vs. Cincinnati Bengals December 5 1993
850,44-15,44,15,59,29,1,all games,San Francisco 49ers vs. Chicago Bears January 7 1995
851,44-33,44,33,77,11,1,all games,San Francisco 49ers vs. Jacksonville Jaguars December 24 2017
852,8-6,8,6,14,2,1,all games,Boston Braves vs. Chicago Cardinals November 27 1932
853,33-9,33,9,42,24,1,all games,Washington Redskins vs. San Francisco 49ers November 11 1973
854,48-33,48,33,81,15,1,all games,Atlanta Falcons vs. Carolina Panthers October 2 2016
855,52-34,52,34,86,18,1,all games,Buffalo Bills vs. Pittsburgh Steelers September 8 1991
856,27-18,27,18,45,9,1,all games,Buffalo Bills vs. Green Bay Packers September 10 2000
857,58-27,58,27,85,31,1,all games,Chicago Bears vs. Baltimore Colts October 21 1956
858,36-19,36,19,55,17,1,all games,Cincinnati Bengals vs. New York Jets October 9 1988
859,37-37,37,37,74,0,1,all games,Carolina Panthers vs. Cincinnati Bengals October 12 2014
860,8-3,8,3,11,5,1,all games,Cleveland Browns vs. New York Giants December 17 1950
861,48-34,48,34,82,14,1,all games,Cleveland Browns vs. New York Giants December 18 1960
862,11-8,11,8,19,3,1,all games,Cleveland Browns vs. Houston Oilers October 13 1994
863,45-44,45,44,89,1,1,all games,Indianapolis Colts vs. Kansas City Chiefs January 4 2014
864,30-11,30,11,41,19,1,all games,Dallas Cowboys vs. Philadelphia Eagles January 7 1996
865,46-3,46,3,49,43,1,all games,Denver Broncos vs. New York Jets September 19 1976
866,17-11,17,11,28,6,1,all games,Denver Broncos vs. Kansas City Chiefs November 6 1988
867,51-28,51,28,79,23,1,all games,Denver Broncos vs. Tennessee Titans December 8 2013
868,11-0,11,0,11,11,1,all games,Detroit Lions vs. Tampa Bay Buccaneers September 4 1983
869,54-7,54,7,61,47,1,all games,Green Bay Packers vs. Pittsburgh Steelers November 23 1941
870,44-40,44,40,84,4,1,all games,Green Bay Packers vs. Detroit Lions November 27 1986
871,49-23,49,23,72,26,1,all games,Green Bay Packers vs. Denver Broncos October 2 2011
872,57-14,57,14,71,43,1,all games,Houston Texans vs. Tennessee Titans October 1 2017
873,43-11,43,11,54,32,1,all games,Dallas Texans vs. Oakland Raiders November 26 1961
874,42-18,42,18,60,24,1,all games,Kansas City Chiefs vs. New York Jets November 5 1967
875,28-2,28,2,30,26,1,all games,Kansas City Chiefs vs. Jacksonville Jaguars September 8 2013
876,41-32,41,32,73,9,1,all games,Miami Dolphins vs. Boston Patriots December 17 1967
877,54-13,54,13,67,41,1,all games,Minnesota Vikings vs. Dallas Cowboys October 18 1970
878,40-9,40,9,49,31,1,all games,Minnesota Vikings vs. New Orleans Saints September 12 1976
879,29-29,29,29,58,0,1,all games,Green Bay Packers vs. Minnesota Vikings September 16 2018
880,43-27,43,27,70,16,1,all games,New Orleans Saints vs. Washington Redskins October 13 2002
881,46-34,46,34,80,12,1,all games,New Orleans Saints vs. Miami Dolphins October 25 2009
882,43-19,43,19,62,24,1,all games,New Orleans Saints vs. Washington Redskins October 8 2018
883,40-22,40,22,62,18,1,all games,New England Patriots vs. St. Louis Rams November 7 2004
884,55-31,55,31,86,24,1,all games,New England Patriots vs. Pittsburgh Steelers November 3 2013
885,43-40,43,40,83,3,1,all games,New England Patriots vs. Kansas City Chiefs October 14 2018
886,33-15,33,15,48,18,1,all games,New York Giants vs. San Francisco 49ers October 21 2007
887,52-13,52,13,65,39,1,all games,New York Jets vs. Houston Oilers September 18 1966
888,42-36,42,36,78,6,1,all games,New York Jets vs. Buffalo Bills October 7 2001
889,42-39,42,39,81,3,1,all games,Tennessee Titans vs. Jacksonville Jaguars December 6 2015
890,32-23,32,23,55,9,1,all games,Philadelphia Eagles vs. Houston Oilers October 2 1988
891,44-42,44,42,86,2,1,all games,Philadelphia Eagles vs. Cincinnati Bengals November 30 1997
892,23-11,23,11,34,12,1,all games,Philadelphia Eagles vs. New York Giants January 11 2009
893,63-7,63,7,70,56,1,all games,Pittsburgh Steelers vs. New York Giants November 30 1952
894,47-28,47,28,75,19,1,all games,Pittsburgh Steelers vs. New York Giants December 11 1966
895,51-35,51,35,86,16,1,all games,Pittsburgh Steelers vs. Cleveland Browns October 7 1979
896,51-34,51,34,85,17,1,all games,Pittsburgh Steelers vs. Indianapolis Colts October 26 2014
897,43-43,43,43,86,0,1,all games,Boston Patriots vs. Oakland Raiders October 16 1964
898,43-32,43,32,75,11,1,all games,Oakland Raiders vs. New York Jets November 17 1968
899,45-22,45,22,67,23,1,all games,Oakland Raiders vs. San Diego Chargers October 25 1979
900,39-23,39,23,62,16,1,all games,Oakland Raiders vs. Denver Broncos December 19 2010
901,65-24,65,24,89,41,1,all games,Los Angeles Rams vs. Detroit Lions October 29 1950
902,48-35,48,35,83,13,1,all games,Los Angeles Rams vs. Detroit Lions October 30 1960
903,46-14,46,14,60,32,1,all games,Los Angeles Rams vs. St. Louis Cardinals December 15 1985
904,41-39,41,39,80,2,1,all games,Los Angeles Rams vs. San Francisco 49ers September 21 2017
905,66-0,66,0,66,66,1,all games,Rochester Jeffersons vs. Fort Porter  October 10 1920
906,50-28,50,28,78,22,1,all games,San Diego Chargers vs. Miami Dolphins September 7 1986
907,54-24,54,24,78,30,1,all games,Los Angeles Chargers vs. Buffalo Bills November 19 2017
908,37-12,37,12,49,25,1,all games,Seattle Seahawks vs. Arizona Cardinals September 25 2005
909,58-0,58,0,58,58,1,all games,Seattle Seahawks vs. Arizona Cardinals December 9 2012
910,46-18,46,18,64,28,1,all games,Seattle Seahawks vs. Indianapolis Colts October 1 2017
911,37-2,37,2,39,35,1,all games,San Francisco 49ers vs. New Orleans Saints October 1 1972
912,55-17,55,17,72,38,1,all games,San Francisco 49ers vs. Detroit Lions December 19 1993
913,28-11,28,11,39,17,1,all games,San Francisco 49ers vs. St. Louis Rams October 6 1996
914,10-5,10,5,15,5,1,all games,Tampa Bay Buccaneers vs. Buffalo Bills December 4 1988
915,7-5,7,5,12,2,1,all games,Washington Redskins vs. Detroit Lions October 16 1938
916,38-12,38,12,50,26,1,all games,Washington Redskins vs. New York Giants October 11 1987
917,48-31,48,31,79,17,1,all games,Atlanta Falcons vs. Chicago Bears November 16 1969
918,8-5,8,5,13,3,1,all games,Atlanta Falcons vs. Los Angeles Rams October 2 1994
919,45-33,45,33,78,12,1,all games,Buffalo Bills vs. New Orleans Saints December 27 1998
920,49-15,49,15,64,34,1,all games,Carolina Panthers vs. Arizona Cardinals January 24 2016
921,20-2,20,2,22,18,1,all games,Chicago Bears vs. Cleveland Rams October 10 1937
922,73-0,73,0,73,73,1,all games,Chicago Bears vs. Washington Redskins December 8 1940
923,56-23,56,23,79,33,1,all games,Cincinnati Bengals vs. Tampa Bay Buccaneers October 29 1989
924,42-29,42,29,71,13,1,all games,Cincinnati Bengals vs. Baltimore Ravens November 27 2005
925,62-3,62,3,65,59,1,all games,Cleveland Browns vs. Washington Redskins November 7 1954
926,45-26,45,26,71,19,1,all games,Baltimore Colts vs. Los Angeles Rams December 12 1959
927,52-19,52,19,71,33,1,all games,Baltimore Colts vs. New York Jets November 16 1975
928,47-6,47,6,53,41,1,all games,Indianapolis Colts vs. Buffalo Bills October 4 1987
929,37-5,37,5,42,32,1,all games,Indianapolis Colts vs. Buffalo Bills October 21 2018
930,65-20,65,20,85,45,1,all games,Chicago Cardinals vs. New York Bulldogs November 13 1949
931,33-33,33,33,66,0,1,all games,Cleveland Browns vs. St. Louis Cardinals September 20 1964
932,40-11,40,11,51,29,1,all games,Arizona Cardinals vs. Indianapolis Colts November 24 2013
933,59-13,59,13,72,46,1,all games,Dallas Cowboys vs. Detroit Lions September 15 1968
934,43-39,43,39,82,4,1,all games,Dallas Cowboys vs. Seattle Seahawks December 6 2004
935,38-38,38,38,76,0,1,all games,Buffalo Bills vs. Denver Broncos November 27 1960
936,40-27,40,27,67,13,1,all games,Detroit Lions vs. Denver Broncos November 22 1990
937,54-0,54,0,54,54,1,all games,Frankford Yellow Jackets vs. Buffalo Bisons October 15 1927
938,9-2,9,2,11,7,1,all games,Green Bay Packers vs. Chicago Cardinals October 6 1929
939,32-27,32,27,59,5,1,all games,Green Bay Packers vs. New Orleans Saints November 7 1976
940,48-25,48,25,73,23,1,all games,Green Bay Packers vs. Detroit Lions September 14 2008
941,46-16,46,16,62,30,1,all games,Green Bay Packers vs. Oakland Raiders December 11 2011
942,53-20,53,20,73,33,1,all games,Green Bay Packers vs. Philadelphia Eagles November 16 2014
943,49-11,49,11,60,38,1,all games,Jacksonville Jaguars vs. Oakland Raiders December 23 2007
944,59-7,59,7,66,52,1,all games,Kansas City Chiefs vs. Denver Broncos September 7 1963
945,34-2,34,2,36,32,1,all games,Kansas City Chiefs vs. Denver Broncos September 22 1968
946,54-34,54,34,88,20,1,all games,Kansas City Chiefs vs. St. Louis Rams October 22 2000
947,49-10,49,10,59,39,1,all games,Kansas City Chiefs vs. St. Louis Rams December 8 2002
948,56-31,56,31,87,25,1,all games,Kansas City Chiefs vs. Oakland Raiders December 15 2013
949,39-24,39,24,63,15,1,all games,Miami Dolphins vs. New England Patriots November 29 1979
950,46-36,46,36,82,10,1,all games,Minnesota Vikings vs. Dallas Cowboys November 26 1998
951,33-29,33,29,62,4,1,all games,Boston Patriots vs. Denver Broncos November 11 1962
952,42-15,42,15,57,27,1,all games,New England Patriots vs. Cleveland Browns December 5 2004
953,43-22,43,22,65,21,1,all games,New England Patriots vs. Indianapolis Colts January 11 2014
954,19-8,19,8,27,11,1,all games,New York Yankees vs. Buffalo Bisons October 12 1927
955,49-34,49,34,83,15,1,all games,New York Giants vs. Washington Redskins October 28 1962
956,39-20,39,20,59,19,1,all games,New York Giants vs. Denver Broncos January 25 1987
957,52-27,52,27,79,25,1,all games,New York Giants vs. New Orleans Saints December 9 2012
958,47-31,47,31,78,16,1,all games,New York Jets vs. Boston Patriots September 22 1968
959,26-11,26,11,37,15,1,all games,New York Jets vs. Houston Texans November 26 2006
960,49-33,49,33,82,16,1,all games,Houston Oilers vs. San Diego Chargers December 19 1971
961,64-0,64,0,64,64,1,all games,Philadelphia Eagles vs. Cincinnati Reds November 6 1934
962,32-30,32,30,62,2,1,all games,Philadelphia Eagles vs. Cleveland Browns November 10 1991
963,40-18,40,18,58,22,1,all games,Philadelphia Eagles vs. Dallas Cowboys September 30 2001
964,59-28,59,28,87,31,1,all games,Philadelphia Eagles vs. Washington Redskins November 15 2010
965,55-27,55,27,82,28,1,all games,Pittsburgh Steelers vs. Cleveland Browns October 17 1954
966,57-33,57,33,90,24,1,all games,Pittsburgh Steelers vs. Atlanta Falcons December 18 1966
967,43-18,43,18,61,25,1,all games,Pittsburgh Steelers vs. San Francisco 49ers September 20 2015
968,44-22,44,22,66,22,1,all games,Oakland Raiders vs. Kansas City Chiefs November 23 1967
969,41-26,41,26,67,15,1,all games,Oakland Raiders vs. New England Patriots December 1 1974
970,44-37,44,37,81,7,1,all games,Los Angeles Raiders vs. San Diego Chargers October 21 1984
971,52-37,52,37,89,15,1,all games,Los Angeles Rams vs. New York Giants November 14 1948
972,54-14,54,14,68,40,1,all games,Los Angeles Rams vs. New York Yanks September 28 1951
973,59-16,59,16,75,43,1,all games,St. Louis Rams vs. Atlanta Falcons November 10 1996
974,57-31,57,31,88,26,1,all games,St. Louis Rams vs. San Diego Chargers October 1 2000
975,54-51,54,51,105,3,1,all games,Los Angeles Rams vs. Kansas City Chiefs November 19 2018
976,50-43,50,43,93,7,1,all games,Los Angeles Chargers vs. New York Titans December 18 1960
977,45-23,45,23,68,22,1,all games,San Diego Chargers vs. New York Giants September 25 2005
978,47-24,47,24,71,23,1,all games,Seattle Seahawks vs. Cleveland Browns December 3 1978
979,42-30,42,30,72,12,1,all games,Seattle Seahawks vs. New York Giants September 24 2006
980,43-8,43,8,51,35,1,all games,Seattle Seahawks vs. Denver Broncos February 2 2014
981,63-40,63,40,103,23,1,all games,San Francisco 49ers vs. Brooklyn Dodgers November 21 1948
982,44-3,44,3,47,41,1,all games,San Francisco 49ers vs. New York Giants January 15 1994
983,13-8,13,8,21,5,1,all games,San Francisco 49ers vs. Cincinnati Bengals September 25 2011
984,62-0,62,0,62,62,1,all games,Akron Pros vs. Oorang Indians October 29 1922
985,19-5,19,5,24,14,1,all games,Tampa Bay Buccaneers vs. Philadelphia Eagles September 19 1999
986,59-21,59,21,80,38,1,all games,Washington Redskins vs. Boston Yanks October 31 1948
987,46-6,46,6,52,40,1,all games,Atlanta Falcons vs. Chicago Bears October 14 1973
988,22-12,22,12,34,10,1,all games,Buffalo Bills vs. Houston Oilers October 8 1961
989,58-24,58,24,82,34,1,all games,Buffalo Bills vs. Miami Dolphins September 18 1966
990,45-39,45,39,84,6,1,all games,Buffalo Bills vs. Minnesota Vikings September 15 2002
991,44-11,44,11,55,33,1,all games,Carolina Panthers vs. Atlanta Falcons January 1 2006
992,46-27,46,27,73,19,1,all games,Carolina Panthers vs. San Francisco 49ers September 18 2016
993,51-20,51,20,71,31,1,all games,Chicago Bears vs. Tennessee Titans November 4 2012
994,66-14,66,14,80,52,1,all games,Cleveland Browns vs. Brooklyn Dodgers December 8 1946
995,61-14,61,14,75,47,1,all games,Cleveland Browns vs. Los Angeles Dons October 14 1949
996,42-26,42,26,68,16,1,all games,Indianapolis Colts vs. Buffalo Bills September 23 2001
997,39-33,39,33,72,6,1,all games,Indianapolis Colts vs. Denver Broncos October 20 2013
998,63-35,63,35,98,28,1,all games,Chicago Cardinals vs. New York Giants October 17 1948
999,55-13,55,13,68,42,1,all games,Chicago Cardinals vs. Baltimore Colts October 2 1950
1000,40-15,40,15,55,25,1,all games,Dallas Cowboys vs. Minnesota Vikings December 28 1996
1001,49-29,49,29,78,20,1,all games,Denver Broncos vs. Kansas City Chiefs November 14 2010
1002,10-2,10,2,12,8,1,all games,Duluth Eskimos vs. Canton Bulldogs November 21 1926
1003,57-21,57,21,78,36,1,all games,Green Bay Packers vs. Detroit Lions October 7 1945
1004,48-47,48,47,95,1,1,all games,Green Bay Packers vs. Washington Redskins October 17 1983
1005,36-26,36,26,62,10,1,all games,Jacksonville Jaguars vs. Buffalo Bills October 10 2010
1006,42-22,42,22,64,20,1,all games,Kansas City Chiefs vs. Cincinnati Bengals October 26 1969
1007,40-39,40,39,79,1,1,all games,Kansas City Chiefs vs. Cleveland Browns September 8 2002
1008,38-5,38,5,43,33,1,all games,Kansas City Chiefs vs. Buffalo Bills October 26 2003
1009,46-13,46,13,59,33,1,all games,Miami Dolphins vs. Chicago Bears November 2 1975
1010,36-27,36,27,63,9,1,all games,Miami Dolphins vs. New York Jets September 15 1996
1011,17-8,17,8,25,9,1,all games,Milwaukee Badgers vs. Chicago Cardinals November 2 1924
1012,43-3,43,3,46,40,1,all games,Minnesota Vikings vs. Dallas Cowboys November 13 1988
1013,51-42,51,42,93,9,1,all games,New Orleans Saints vs. St. Louis Cardinals November 2 1969
1014,51-29,51,29,80,22,1,all games,New Orleans Saints vs. Green Bay Packers November 24 2008
1015,46-28,46,28,74,18,1,all games,Boston Patriots vs. Houston Oilers December 8 1963
1016,59-24,59,24,83,35,1,all games,New England Patriots vs. Indianapolis Colts November 18 2012
1017,41-25,41,25,66,16,1,all games,New England Patriots vs. Buffalo Bills October 30 2016
1018,19-19,19,19,38,0,1,all games,Detroit Wolverines vs. New York Giants November 11 1928
1019,42-40,42,40,82,2,1,all games,New York Giants vs. Green Bay Packers September 19 1971
1020,41-29,41,29,70,12,1,all games,New York Jets vs. San Diego Chargers September 4 1983
1021,56-35,56,35,91,21,1,all games,New York Jets vs. Arizona Cardinals September 28 2008
1022,45-25,45,25,70,20,1,all games,Houston Oilers vs. Denver Broncos November 6 1960
1023,24-8,24,8,32,16,1,all games,Houston Oilers vs. Detroit Lions October 26 1975
1024,47-36,47,36,83,11,1,all games,Tennessee Titans vs. Pittsburgh Steelers January 2 2000
1025,49-25,49,25,74,24,1,all games,Philadelphia Eagles vs. Boston Yanks October 6 1946
1026,40-8,40,8,48,32,1,all games,Philadelphia Eagles vs. San Francisco 49ers October 2 1994
1027,36-3,36,3,39,33,1,all games,Philadelphia Eagles vs. Dallas Cowboys November 18 2001
1028,54-11,54,11,65,43,1,all games,Philadelphia Eagles vs. Chicago Bears December 22 2013
1029,27-2,27,2,29,25,1,all games,Pittsburgh Steelers vs. Chicago Cardinals December 22 1957
1030,32-9,32,9,41,23,1,all games,Pittsburgh Steelers vs. Houston Oilers November 24 1975
1031,39-21,39,21,60,18,1,all games,Pittsburgh Steelers vs. Denver Broncos October 23 1988
1032,21-2,21,2,23,19,1,all games,Providence Steam Roller vs. Canton Bulldogs November 11 1926
1033,38-29,38,29,67,9,1,all games,Oakland Raiders vs. New York Jets December 17 1967
1034,49-16,49,16,65,33,1,all games,Oakland Raiders vs. Tampa Bay Buccaneers November 28 1976
1035,52-25,52,25,77,27,1,all games,Oakland Raiders vs. Tennessee Titans September 29 2002
1036,53-27,53,27,80,26,1,all games,Los Angeles Rams vs. Washington Redskins December 11 1949
1037,45-2,45,2,47,43,1,all games,Los Angeles Rams vs. Baltimore Colts December 5 1953
1038,41-30,41,30,71,11,1,all games,Los Angeles Rams vs. San Francisco 49ers November 9 1969
1039,43-12,43,12,55,31,1,all games,St. Louis Rams vs. New Orleans Saints November 28 1999
1040,40-29,40,29,69,11,1,all games,St. Louis Rams vs. Minnesota Vikings December 10 2000
1041,47-23,47,23,70,24,1,all games,San Diego Chargers vs. Denver Broncos December 1 1968
1042,49-41,49,41,90,8,1,all games,San Diego Chargers vs. Cincinnati Bengals November 12 2006
1043,47-30,47,30,77,17,1,all games,Seattle Seahawks vs. Jacksonville Jaguars November 12 1995
1044,36-18,36,18,54,18,1,all games,Seattle Seahawks vs. Arizona Cardinals November 14 2010
1045,36-16,36,16,52,20,1,all games,Seattle Seahawks vs. Green Bay Packers September 4 2014